XFOIL-optimised PARSEC (t12)
1.000000 -0.000000
0.999889 0.000018
0.999556 0.000072
0.999000 0.000164
0.998223 0.000293
0.997224 0.000463
0.996004 0.000674
0.994564 0.000929
0.992904 0.001231
0.991025 0.001582
0.988927 0.001987
0.986612 0.002448
0.984081 0.002969
0.981335 0.003555
0.978374 0.004207
0.975201 0.004931
0.971817 0.005729
0.968223 0.006606
0.964421 0.007564
0.960412 0.008606
0.956199 0.009735
0.951783 0.010953
0.947166 0.012262
0.942351 0.013662
0.937338 0.015155
0.932132 0.016741
0.926733 0.018419
0.921144 0.020188
0.915368 0.022046
0.909408 0.023991
0.903266 0.026021
0.896944 0.028131
0.890446 0.030318
0.883774 0.032576
0.876932 0.034900
0.869922 0.037284
0.862748 0.039722
0.855412 0.042207
0.847919 0.044732
0.840270 0.047290
0.832471 0.049872
0.824524 0.052470
0.816432 0.055076
0.808200 0.057683
0.799831 0.060281
0.791328 0.062863
0.782696 0.065420
0.773938 0.067945
0.765059 0.070430
0.756062 0.072868
0.746951 0.075251
0.737730 0.077573
0.728403 0.079828
0.718975 0.082010
0.709450 0.084114
0.699831 0.086136
0.690124 0.088071
0.680332 0.089916
0.670460 0.091669
0.660512 0.093327
0.650493 0.094889
0.640406 0.096353
0.630258 0.097720
0.620051 0.098988
0.609792 0.100159
0.599483 0.101234
0.589130 0.102215
0.578738 0.103102
0.568310 0.103899
0.557853 0.104608
0.547369 0.105231
0.536864 0.105772
0.526343 0.106234
0.515811 0.106619
0.505271 0.106931
0.494729 0.107173
0.484189 0.107349
0.473657 0.107460
0.463136 0.107511
0.452631 0.107503
0.442147 0.107439
0.431690 0.107322
0.421262 0.107152
0.410870 0.106932
0.400517 0.106663
0.390208 0.106346
0.379949 0.105981
0.369742 0.105569
0.359594 0.105110
0.349507 0.104603
0.339488 0.104049
0.329540 0.103446
0.319668 0.102793
0.309876 0.102089
0.300169 0.101334
0.290550 0.100525
0.281025 0.099661
0.271597 0.098741
0.262270 0.097762
0.253049 0.096725
0.243938 0.095627
0.234941 0.094467
0.226062 0.093245
0.217304 0.091959
0.208672 0.090609
0.200169 0.089196
0.191800 0.087718
0.183568 0.086176
0.175476 0.084571
0.167529 0.082905
0.159730 0.081178
0.152081 0.079392
0.144588 0.077550
0.137252 0.075654
0.130078 0.073706
0.123068 0.071711
0.116226 0.069671
0.109554 0.067590
0.103056 0.065471
0.096734 0.063320
0.090592 0.061140
0.084632 0.058936
0.078856 0.056711
0.073267 0.054471
0.067868 0.052219
0.062662 0.049961
0.057649 0.047699
0.052834 0.045439
0.048217 0.043183
0.043801 0.040936
0.039588 0.038700
0.035579 0.036479
0.031777 0.034275
0.028183 0.032091
0.024799 0.029927
0.021626 0.027787
0.018665 0.025669
0.015919 0.023576
0.013388 0.021507
0.011073 0.019462
0.008975 0.017440
0.007096 0.015440
0.005436 0.013460
0.003996 0.011500
0.002776 0.009556
0.001777 0.007627
0.001000 0.005710
0.000444 0.003801
0.000111 0.001899
0.000000 0.000000
0.000111 -0.001897
0.000444 -0.003782
0.001000 -0.005646
0.001777 -0.007476
0.002776 -0.009262
0.003996 -0.010995
0.005436 -0.012664
0.007096 -0.014260
0.008975 -0.015776
0.011073 -0.017203
0.013388 -0.018535
0.015919 -0.019766
0.018665 -0.020892
0.021626 -0.021907
0.024799 -0.022809
0.028183 -0.023597
0.031777 -0.024269
0.035579 -0.024826
0.039588 -0.025268
0.043801 -0.025598
0.048217 -0.025819
0.052834 -0.025934
0.057649 -0.025949
0.062662 -0.025869
0.067868 -0.025700
0.073267 -0.025449
0.078856 -0.025123
0.084632 -0.024730
0.090592 -0.024279
0.096734 -0.023777
0.103056 -0.023233
0.109554 -0.022656
0.116226 -0.022054
0.123068 -0.021436
0.130078 -0.020810
0.137252 -0.020184
0.144588 -0.019565
0.152081 -0.018960
0.159730 -0.018376
0.167529 -0.017819
0.175476 -0.017294
0.183568 -0.016805
0.191800 -0.016357
0.200169 -0.015952
0.208672 -0.015592
0.217304 -0.015280
0.226062 -0.015016
0.234941 -0.014800
0.243938 -0.014632
0.253049 -0.014509
0.262270 -0.014430
0.271597 -0.014392
0.281025 -0.014392
0.290550 -0.014426
0.300169 -0.014490
0.309876 -0.014578
0.319668 -0.014687
0.329540 -0.014811
0.339488 -0.014945
0.349507 -0.015084
0.359594 -0.015221
0.369742 -0.015352
0.379949 -0.015472
0.390208 -0.015576
0.400517 -0.015659
0.410870 -0.015716
0.421262 -0.015744
0.431690 -0.015740
0.442147 -0.015700
0.452631 -0.015622
0.463136 -0.015503
0.473657 -0.015343
0.484189 -0.015141
0.494729 -0.014897
0.505271 -0.014610
0.515811 -0.014281
0.526343 -0.013913
0.536864 -0.013506
0.547369 -0.013064
0.557853 -0.012589
0.568310 -0.012085
0.578738 -0.011555
0.589130 -0.011002
0.599483 -0.010431
0.609792 -0.009847
0.620051 -0.009253
0.630258 -0.008654
0.640406 -0.008055
0.650493 -0.007460
0.660512 -0.006874
0.670460 -0.006300
0.680332 -0.005742
0.690124 -0.005205
0.699831 -0.004691
0.709450 -0.004203
0.718975 -0.003745
0.728403 -0.003318
0.737730 -0.002925
0.746951 -0.002566
0.756062 -0.002242
0.765059 -0.001955
0.773938 -0.001704
0.782696 -0.001488
0.791328 -0.001308
0.799831 -0.001162
0.808200 -0.001047
0.816432 -0.000964
0.824524 -0.000908
0.832471 -0.000879
0.840270 -0.000872
0.847919 -0.000887
0.855412 -0.000918
0.862748 -0.000964
0.869922 -0.001022
0.876932 -0.001088
0.883774 -0.001159
0.890446 -0.001233
0.896944 -0.001306
0.903266 -0.001377
0.909408 -0.001442
0.915368 -0.001500
0.921144 -0.001550
0.926733 -0.001588
0.932132 -0.001614
0.937338 -0.001628
0.942351 -0.001628
0.947166 -0.001614
0.951783 -0.001586
0.956199 -0.001545
0.960412 -0.001490
0.964421 -0.001424
0.968223 -0.001347
0.971817 -0.001260
0.975201 -0.001165
0.978374 -0.001063
0.981335 -0.000958
0.984081 -0.000849
0.986612 -0.000740
0.988927 -0.000632
0.991025 -0.000527
0.992904 -0.000428
0.994564 -0.000335
0.996004 -0.000251
0.997224 -0.000177
0.998223 -0.000115
0.999000 -0.000065
0.999556 -0.000029
0.999889 -0.000007
1.000000 0.000000
