NACA 2412 optimized
1.000000 0.000000
0.999889 0.000019
0.999556 0.000074
0.999000 0.000167
0.998223 0.000296
0.997224 0.000462
0.996004 0.000665
0.994564 0.000904
0.992904 0.001179
0.991025 0.001491
0.988927 0.001838
0.986612 0.002221
0.984081 0.002640
0.981335 0.003094
0.978374 0.003584
0.975201 0.004109
0.971817 0.004671
0.968223 0.005269
0.964421 0.005903
0.960412 0.006575
0.956199 0.007284
0.951783 0.008031
0.947166 0.008818
0.942351 0.009644
0.937338 0.010511
0.932132 0.011420
0.926733 0.012372
0.921144 0.013367
0.915368 0.014407
0.909408 0.015492
0.903266 0.016624
0.896944 0.017803
0.890446 0.019030
0.883774 0.020306
0.876932 0.021630
0.869922 0.023004
0.862748 0.024428
0.855412 0.025900
0.847919 0.027421
0.840270 0.028990
0.832471 0.030606
0.824524 0.032269
0.816432 0.033975
0.808200 0.035725
0.799831 0.037515
0.791328 0.039344
0.782696 0.041208
0.773938 0.043106
0.765059 0.045034
0.756062 0.046988
0.746951 0.048965
0.737730 0.050962
0.728403 0.052974
0.718975 0.054998
0.709450 0.057029
0.699831 0.059063
0.690124 0.061096
0.680332 0.063123
0.670460 0.065140
0.660512 0.067141
0.650493 0.069124
0.640406 0.071083
0.630258 0.073013
0.620051 0.074911
0.609792 0.076771
0.599483 0.078591
0.589130 0.080365
0.578738 0.082089
0.568310 0.083759
0.557853 0.085372
0.547369 0.086924
0.536864 0.088411
0.526343 0.089830
0.515811 0.091176
0.505271 0.092448
0.494729 0.093641
0.484189 0.094753
0.473657 0.095782
0.463136 0.096723
0.452631 0.097576
0.442147 0.098338
0.431690 0.099007
0.421262 0.099580
0.410870 0.100057
0.400517 0.100436
0.390208 0.100716
0.379949 0.100895
0.369742 0.100975
0.359594 0.100953
0.349507 0.100831
0.339488 0.100608
0.329540 0.100285
0.319668 0.099864
0.309876 0.099345
0.300169 0.098729
0.290550 0.098020
0.281025 0.097218
0.271597 0.096327
0.262270 0.095349
0.253049 0.094287
0.243938 0.093145
0.234941 0.091926
0.226062 0.090634
0.217304 0.089272
0.208672 0.087845
0.200169 0.086357
0.191800 0.084812
0.183568 0.083213
0.175476 0.081566
0.167529 0.079875
0.159730 0.078143
0.152081 0.076374
0.144588 0.074573
0.137252 0.072742
0.130078 0.070886
0.123068 0.069008
0.116226 0.067109
0.109554 0.065194
0.103056 0.063265
0.096734 0.061323
0.090592 0.059370
0.084632 0.057409
0.078856 0.055440
0.073267 0.053464
0.067868 0.051483
0.062662 0.049496
0.057649 0.047504
0.052834 0.045507
0.048217 0.043505
0.043801 0.041498
0.039588 0.039486
0.035579 0.037468
0.031777 0.035444
0.028183 0.033414
0.024799 0.031376
0.021626 0.029332
0.018665 0.027280
0.015919 0.025220
0.013388 0.023153
0.011073 0.021078
0.008975 0.018996
0.007096 0.016906
0.005436 0.014810
0.003996 0.012707
0.002776 0.010598
0.001777 0.008485
0.001000 0.006367
0.000444 0.004247
0.000111 0.002124
0.000000 0.000000
0.000111 -0.000757
0.000444 -0.001514
0.001000 -0.002269
0.001777 -0.003022
0.002776 -0.003772
0.003996 -0.004518
0.005436 -0.005259
0.007096 -0.005996
0.008975 -0.006726
0.011073 -0.007450
0.013388 -0.008166
0.015919 -0.008874
0.018665 -0.009573
0.021626 -0.010262
0.024799 -0.010941
0.028183 -0.011609
0.031777 -0.012265
0.035579 -0.012908
0.039588 -0.013538
0.043801 -0.014154
0.048217 -0.014755
0.052834 -0.015340
0.057649 -0.015909
0.062662 -0.016461
0.067868 -0.016994
0.073267 -0.017509
0.078856 -0.018004
0.084632 -0.018478
0.090592 -0.018931
0.096734 -0.019361
0.103056 -0.019768
0.109554 -0.020151
0.116226 -0.020509
0.123068 -0.020841
0.130078 -0.021147
0.137252 -0.021425
0.144588 -0.021674
0.152081 -0.021895
0.159730 -0.022086
0.167529 -0.022247
0.175476 -0.022377
0.183568 -0.022476
0.191800 -0.022542
0.200169 -0.022577
0.208672 -0.022579
0.217304 -0.022549
0.226062 -0.022486
0.234941 -0.022391
0.243938 -0.022264
0.253049 -0.022105
0.262270 -0.021915
0.271597 -0.021694
0.281025 -0.021443
0.290550 -0.021163
0.300169 -0.020855
0.309876 -0.020521
0.319668 -0.020161
0.329540 -0.019777
0.339488 -0.019371
0.349507 -0.018944
0.359594 -0.018499
0.369742 -0.018036
0.379949 -0.017558
0.390208 -0.017067
0.400517 -0.016566
0.410870 -0.016055
0.421262 -0.015538
0.431690 -0.015017
0.442147 -0.014494
0.452631 -0.013970
0.463136 -0.013449
0.473657 -0.012932
0.484189 -0.012422
0.494729 -0.011919
0.505271 -0.011427
0.515811 -0.010947
0.526343 -0.010481
0.536864 -0.010030
0.547369 -0.009595
0.557853 -0.009178
0.568310 -0.008780
0.578738 -0.008402
0.589130 -0.008044
0.599483 -0.007707
0.609792 -0.007392
0.620051 -0.007099
0.630258 -0.006828
0.640406 -0.006578
0.650493 -0.006350
0.660512 -0.006143
0.670460 -0.005956
0.680332 -0.005788
0.690124 -0.005640
0.699831 -0.005509
0.709450 -0.005395
0.718975 -0.005296
0.728403 -0.005211
0.737730 -0.005139
0.746951 -0.005078
0.756062 -0.005027
0.765059 -0.004984
0.773938 -0.004948
0.782696 -0.004916
0.791328 -0.004888
0.799831 -0.004863
0.808200 -0.004837
0.816432 -0.004811
0.824524 -0.004783
0.832471 -0.004751
0.840270 -0.004715
0.847919 -0.004673
0.855412 -0.004624
0.862748 -0.004568
0.869922 -0.004503
0.876932 -0.004430
0.883774 -0.004348
0.890446 -0.004256
0.896944 -0.004154
0.903266 -0.004043
0.909408 -0.003922
0.915368 -0.003792
0.921144 -0.003653
0.926733 -0.003505
0.932132 -0.003350
0.937338 -0.003187
0.942351 -0.003018
0.947166 -0.002844
0.951783 -0.002665
0.956199 -0.002483
0.960412 -0.002299
0.964421 -0.002114
0.968223 -0.001930
0.971817 -0.001747
0.975201 -0.001567
0.978374 -0.001391
0.981335 -0.001221
0.984081 -0.001058
0.986612 -0.000902
0.988927 -0.000756
0.991025 -0.000620
0.992904 -0.000495
0.994564 -0.000383
0.996004 -0.000284
0.997224 -0.000199
0.998223 -0.000128
0.999000 -0.000072
0.999556 -0.000032
0.999889 -0.000008
1.000000 0.000000
