NACA 2412 optimized
1.000000 0.000000
0.999889 0.000028
0.999556 0.000111
0.999000 0.000250
0.998223 0.000444
0.997224 0.000693
0.996004 0.000998
0.994564 0.001356
0.992904 0.001769
0.991025 0.002236
0.988927 0.002755
0.986612 0.003327
0.984081 0.003951
0.981335 0.004626
0.978374 0.005350
0.975201 0.006123
0.971817 0.006943
0.968223 0.007810
0.964421 0.008721
0.960412 0.009675
0.956199 0.010670
0.951783 0.011705
0.947166 0.012777
0.942351 0.013884
0.937338 0.015025
0.932132 0.016196
0.926733 0.017396
0.921144 0.018622
0.915368 0.019872
0.909408 0.021144
0.903266 0.022435
0.896944 0.023743
0.890446 0.025066
0.883774 0.026401
0.876932 0.027746
0.869922 0.029101
0.862748 0.030462
0.855412 0.031828
0.847919 0.033198
0.840270 0.034571
0.832471 0.035945
0.824524 0.037320
0.816432 0.038695
0.808200 0.040070
0.799831 0.041445
0.791328 0.042820
0.782696 0.044194
0.773938 0.045570
0.765059 0.046946
0.756062 0.048324
0.746951 0.049705
0.737730 0.051089
0.728403 0.052479
0.718975 0.053874
0.709450 0.055275
0.699831 0.056684
0.690124 0.058102
0.680332 0.059529
0.670460 0.060965
0.660512 0.062412
0.650493 0.063869
0.640406 0.065336
0.630258 0.066812
0.620051 0.068297
0.609792 0.069790
0.599483 0.071289
0.589130 0.072792
0.578738 0.074296
0.568310 0.075800
0.557853 0.077300
0.547369 0.078792
0.536864 0.080273
0.526343 0.081739
0.515811 0.083184
0.505271 0.084604
0.494729 0.085993
0.484189 0.087348
0.473657 0.088661
0.463136 0.089927
0.452631 0.091140
0.442147 0.092295
0.431690 0.093385
0.421262 0.094406
0.410870 0.095350
0.400517 0.096214
0.390208 0.096990
0.379949 0.097676
0.369742 0.098265
0.359594 0.098754
0.349507 0.099139
0.339488 0.099417
0.329540 0.099584
0.319668 0.099639
0.309876 0.099579
0.300169 0.099403
0.290550 0.099110
0.281025 0.098701
0.271597 0.098176
0.262270 0.097536
0.253049 0.096782
0.243938 0.095916
0.234941 0.094942
0.226062 0.093862
0.217304 0.092679
0.208672 0.091398
0.200169 0.090022
0.191800 0.088557
0.183568 0.087007
0.175476 0.085377
0.167529 0.083673
0.159730 0.081900
0.152081 0.080063
0.144588 0.078169
0.137252 0.076221
0.130078 0.074226
0.123068 0.072190
0.116226 0.070116
0.109554 0.068011
0.103056 0.065879
0.096734 0.063725
0.090592 0.061553
0.084632 0.059366
0.078856 0.057170
0.073267 0.054966
0.067868 0.052759
0.062662 0.050551
0.057649 0.048345
0.052834 0.046143
0.048217 0.043946
0.043801 0.041757
0.039588 0.039576
0.035579 0.037405
0.031777 0.035244
0.028183 0.033095
0.024799 0.030957
0.021626 0.028830
0.018665 0.026715
0.015919 0.024611
0.013388 0.022518
0.011073 0.020435
0.008975 0.018362
0.007096 0.016298
0.005436 0.014242
0.003996 0.012194
0.002776 0.010151
0.001777 0.008115
0.001000 0.006082
0.000444 0.004053
0.000111 0.002026
0.000000 0.000000
0.000111 -0.000831
0.000444 -0.001659
0.001000 -0.002483
0.001777 -0.003301
0.002776 -0.004110
0.003996 -0.004908
0.005436 -0.005695
0.007096 -0.006467
0.008975 -0.007224
0.011073 -0.007964
0.013388 -0.008685
0.015919 -0.009388
0.018665 -0.010070
0.021626 -0.010731
0.024799 -0.011371
0.028183 -0.011990
0.031777 -0.012586
0.035579 -0.013162
0.039588 -0.013716
0.043801 -0.014250
0.048217 -0.014764
0.052834 -0.015259
0.057649 -0.015735
0.062662 -0.016195
0.067868 -0.016639
0.073267 -0.017068
0.078856 -0.017485
0.084632 -0.017889
0.090592 -0.018283
0.096734 -0.018669
0.103056 -0.019047
0.109554 -0.019418
0.116226 -0.019785
0.123068 -0.020148
0.130078 -0.020508
0.137252 -0.020866
0.144588 -0.021223
0.152081 -0.021580
0.159730 -0.021936
0.167529 -0.022293
0.175476 -0.022650
0.183568 -0.023007
0.191800 -0.023365
0.200169 -0.023721
0.208672 -0.024077
0.217304 -0.024430
0.226062 -0.024781
0.234941 -0.025127
0.243938 -0.025468
0.253049 -0.025802
0.262270 -0.026128
0.271597 -0.026444
0.281025 -0.026748
0.290550 -0.027039
0.300169 -0.027316
0.309876 -0.027576
0.319668 -0.027819
0.329540 -0.028041
0.339488 -0.028243
0.349507 -0.028422
0.359594 -0.028578
0.369742 -0.028708
0.379949 -0.028813
0.390208 -0.028891
0.400517 -0.028941
0.410870 -0.028963
0.421262 -0.028957
0.431690 -0.028923
0.442147 -0.028860
0.452631 -0.028768
0.463136 -0.028649
0.473657 -0.028502
0.484189 -0.028328
0.494729 -0.028128
0.505271 -0.027903
0.515811 -0.027654
0.526343 -0.027381
0.536864 -0.027087
0.547369 -0.026773
0.557853 -0.026439
0.568310 -0.026087
0.578738 -0.025719
0.589130 -0.025336
0.599483 -0.024938
0.609792 -0.024528
0.620051 -0.024107
0.630258 -0.023676
0.640406 -0.023235
0.650493 -0.022786
0.660512 -0.022331
0.670460 -0.021869
0.680332 -0.021401
0.690124 -0.020929
0.699831 -0.020453
0.709450 -0.019973
0.718975 -0.019490
0.728403 -0.019004
0.737730 -0.018516
0.746951 -0.018025
0.756062 -0.017533
0.765059 -0.017038
0.773938 -0.016543
0.782696 -0.016045
0.791328 -0.015547
0.799831 -0.015047
0.808200 -0.014546
0.816432 -0.014045
0.824524 -0.013543
0.832471 -0.013041
0.840270 -0.012539
0.847919 -0.012038
0.855412 -0.011537
0.862748 -0.011039
0.869922 -0.010542
0.876932 -0.010048
0.883774 -0.009557
0.890446 -0.009071
0.896944 -0.008589
0.903266 -0.008113
0.909408 -0.007643
0.915368 -0.007180
0.921144 -0.006725
0.926733 -0.006280
0.932132 -0.005844
0.937338 -0.005419
0.942351 -0.005005
0.947166 -0.004604
0.951783 -0.004215
0.956199 -0.003841
0.960412 -0.003480
0.964421 -0.003136
0.968223 -0.002806
0.971817 -0.002494
0.975201 -0.002198
0.978374 -0.001919
0.981335 -0.001659
0.984081 -0.001416
0.986612 -0.001192
0.988927 -0.000987
0.991025 -0.000800
0.992904 -0.000633
0.994564 -0.000485
0.996004 -0.000357
0.997224 -0.000248
0.998223 -0.000159
0.999000 -0.000089
0.999556 -0.000040
0.999889 -0.000010
1.000000 0.000000
