NACA 2412 optimized
1.000000 0.000000
0.999889 0.000031
0.999556 0.000124
0.999000 0.000279
0.998223 0.000495
0.997224 0.000773
0.996004 0.001111
0.994564 0.001510
0.992904 0.001969
0.991025 0.002487
0.988927 0.003064
0.986612 0.003698
0.984081 0.004389
0.981335 0.005137
0.978374 0.005939
0.975201 0.006795
0.971817 0.007704
0.968223 0.008665
0.964421 0.009676
0.960412 0.010737
0.956199 0.011846
0.951783 0.013001
0.947166 0.014201
0.942351 0.015445
0.937338 0.016731
0.932132 0.018057
0.926733 0.019422
0.921144 0.020824
0.915368 0.022260
0.909408 0.023729
0.903266 0.025229
0.896944 0.026757
0.890446 0.028311
0.883774 0.029888
0.876932 0.031486
0.869922 0.033103
0.862748 0.034735
0.855412 0.036380
0.847919 0.038034
0.840270 0.039696
0.832471 0.041361
0.824524 0.043026
0.816432 0.044689
0.808200 0.046347
0.799831 0.047995
0.791328 0.049632
0.782696 0.051254
0.773938 0.052859
0.765059 0.054442
0.756062 0.056002
0.746951 0.057536
0.737730 0.059042
0.728403 0.060516
0.718975 0.061958
0.709450 0.063364
0.699831 0.064733
0.690124 0.066064
0.680332 0.067354
0.670460 0.068603
0.660512 0.069810
0.650493 0.070973
0.640406 0.072092
0.630258 0.073167
0.620051 0.074196
0.609792 0.075180
0.599483 0.076118
0.589130 0.077010
0.578738 0.077856
0.568310 0.078657
0.557853 0.079411
0.547369 0.080119
0.536864 0.080782
0.526343 0.081398
0.515811 0.081968
0.505271 0.082492
0.494729 0.082969
0.484189 0.083400
0.473657 0.083782
0.463136 0.084117
0.452631 0.084403
0.442147 0.084640
0.431690 0.084827
0.421262 0.084963
0.410870 0.085046
0.400517 0.085077
0.390208 0.085054
0.379949 0.084976
0.369742 0.084842
0.359594 0.084651
0.349507 0.084403
0.339488 0.084096
0.329540 0.083730
0.319668 0.083304
0.309876 0.082818
0.300169 0.082272
0.290550 0.081666
0.281025 0.081000
0.271597 0.080275
0.262270 0.079490
0.253049 0.078648
0.243938 0.077749
0.234941 0.076794
0.226062 0.075785
0.217304 0.074724
0.208672 0.073613
0.200169 0.072453
0.191800 0.071247
0.183568 0.069997
0.175476 0.068706
0.167529 0.067376
0.159730 0.066009
0.152081 0.064609
0.144588 0.063177
0.137252 0.061716
0.130078 0.060228
0.123068 0.058716
0.116226 0.057182
0.109554 0.055627
0.103056 0.054054
0.096734 0.052464
0.090592 0.050859
0.084632 0.049239
0.078856 0.047607
0.073267 0.045963
0.067868 0.044308
0.062662 0.042642
0.057649 0.040966
0.052834 0.039281
0.048217 0.037586
0.043801 0.035881
0.039588 0.034168
0.035579 0.032445
0.031777 0.030713
0.028183 0.028971
0.024799 0.027220
0.021626 0.025459
0.018665 0.023689
0.015919 0.021910
0.013388 0.020122
0.011073 0.018325
0.008975 0.016520
0.007096 0.014706
0.005436 0.012886
0.003996 0.011058
0.002776 0.009225
0.001777 0.007386
0.001000 0.005543
0.000444 0.003697
0.000111 0.001849
0.000000 0.000000
0.000111 -0.000920
0.000444 -0.001840
0.001000 -0.002761
0.001777 -0.003682
0.002776 -0.004603
0.003996 -0.005526
0.005436 -0.006448
0.007096 -0.007372
0.008975 -0.008296
0.011073 -0.009220
0.013388 -0.010144
0.015919 -0.011068
0.018665 -0.011992
0.021626 -0.012913
0.024799 -0.013833
0.028183 -0.014751
0.031777 -0.015664
0.035579 -0.016574
0.039588 -0.017478
0.043801 -0.018376
0.048217 -0.019266
0.052834 -0.020148
0.057649 -0.021020
0.062662 -0.021881
0.067868 -0.022729
0.073267 -0.023564
0.078856 -0.024384
0.084632 -0.025187
0.090592 -0.025973
0.096734 -0.026739
0.103056 -0.027485
0.109554 -0.028210
0.116226 -0.028911
0.123068 -0.029588
0.130078 -0.030239
0.137252 -0.030863
0.144588 -0.031460
0.152081 -0.032027
0.159730 -0.032564
0.167529 -0.033069
0.175476 -0.033542
0.183568 -0.033982
0.191800 -0.034388
0.200169 -0.034759
0.208672 -0.035095
0.217304 -0.035394
0.226062 -0.035657
0.234941 -0.035882
0.243938 -0.036070
0.253049 -0.036220
0.262270 -0.036331
0.271597 -0.036405
0.281025 -0.036440
0.290550 -0.036438
0.300169 -0.036397
0.309876 -0.036319
0.319668 -0.036204
0.329540 -0.036053
0.339488 -0.035867
0.349507 -0.035646
0.359594 -0.035391
0.369742 -0.035104
0.379949 -0.034785
0.390208 -0.034437
0.400517 -0.034061
0.410870 -0.033657
0.421262 -0.033229
0.431690 -0.032778
0.442147 -0.032306
0.452631 -0.031814
0.463136 -0.031305
0.473657 -0.030781
0.484189 -0.030243
0.494729 -0.029694
0.505271 -0.029136
0.515811 -0.028570
0.526343 -0.027999
0.536864 -0.027424
0.547369 -0.026848
0.557853 -0.026271
0.568310 -0.025695
0.578738 -0.025121
0.589130 -0.024552
0.599483 -0.023987
0.609792 -0.023428
0.620051 -0.022875
0.630258 -0.022329
0.640406 -0.021791
0.650493 -0.021260
0.660512 -0.020737
0.670460 -0.020221
0.680332 -0.019713
0.690124 -0.019212
0.699831 -0.018717
0.709450 -0.018228
0.718975 -0.017745
0.728403 -0.017267
0.737730 -0.016793
0.746951 -0.016322
0.756062 -0.015853
0.765059 -0.015387
0.773938 -0.014922
0.782696 -0.014458
0.791328 -0.013994
0.799831 -0.013530
0.808200 -0.013066
0.816432 -0.012600
0.824524 -0.012135
0.832471 -0.011668
0.840270 -0.011201
0.847919 -0.010733
0.855412 -0.010266
0.862748 -0.009800
0.869922 -0.009334
0.876932 -0.008871
0.883774 -0.008411
0.890446 -0.007955
0.896944 -0.007504
0.903266 -0.007058
0.909408 -0.006620
0.915368 -0.006189
0.921144 -0.005768
0.926733 -0.005357
0.932132 -0.004956
0.937338 -0.004568
0.942351 -0.004193
0.947166 -0.003832
0.951783 -0.003486
0.956199 -0.003154
0.960412 -0.002839
0.964421 -0.002540
0.968223 -0.002257
0.971817 -0.001991
0.975201 -0.001743
0.978374 -0.001511
0.981335 -0.001297
0.984081 -0.001100
0.986612 -0.000920
0.988927 -0.000757
0.991025 -0.000611
0.992904 -0.000481
0.994564 -0.000367
0.996004 -0.000268
0.997224 -0.000186
0.998223 -0.000119
0.999000 -0.000067
0.999556 -0.000030
0.999889 -0.000007
1.000000 0.000000
