NACA 2412 optimized
1.000000 0.000000
0.999889 0.000025
0.999556 0.000101
0.999000 0.000226
0.998223 0.000402
0.997224 0.000628
0.996004 0.000903
0.994564 0.001227
0.992904 0.001600
0.991025 0.002022
0.988927 0.002491
0.986612 0.003007
0.984081 0.003570
0.981335 0.004178
0.978374 0.004832
0.975201 0.005531
0.971817 0.006273
0.968223 0.007058
0.964421 0.007885
0.960412 0.008754
0.956199 0.009663
0.951783 0.010611
0.947166 0.011598
0.942351 0.012623
0.937338 0.013684
0.932132 0.014780
0.926733 0.015911
0.921144 0.017074
0.915368 0.018269
0.909408 0.019494
0.903266 0.020747
0.896944 0.022028
0.890446 0.023334
0.883774 0.024664
0.876932 0.026016
0.869922 0.027388
0.862748 0.028777
0.855412 0.030184
0.847919 0.031604
0.840270 0.033036
0.832471 0.034478
0.824524 0.035929
0.816432 0.037385
0.808200 0.038846
0.799831 0.040308
0.791328 0.041771
0.782696 0.043233
0.773938 0.044692
0.765059 0.046147
0.756062 0.047595
0.746951 0.049038
0.737730 0.050472
0.728403 0.051898
0.718975 0.053315
0.709450 0.054722
0.699831 0.056120
0.690124 0.057508
0.680332 0.058887
0.670460 0.060256
0.660512 0.061616
0.650493 0.062968
0.640406 0.064311
0.630258 0.065647
0.620051 0.066976
0.609792 0.068298
0.599483 0.069613
0.589130 0.070922
0.578738 0.072226
0.568310 0.073522
0.557853 0.074813
0.547369 0.076095
0.536864 0.077369
0.526343 0.078634
0.515811 0.079887
0.505271 0.081126
0.494729 0.082349
0.484189 0.083553
0.473657 0.084735
0.463136 0.085890
0.452631 0.087016
0.442147 0.088108
0.431690 0.089161
0.421262 0.090170
0.410870 0.091130
0.400517 0.092035
0.390208 0.092881
0.379949 0.093662
0.369742 0.094372
0.359594 0.095006
0.349507 0.095559
0.339488 0.096025
0.329540 0.096400
0.319668 0.096678
0.309876 0.096857
0.300169 0.096931
0.290550 0.096899
0.281025 0.096756
0.271597 0.096501
0.262270 0.096133
0.253049 0.095650
0.243938 0.095051
0.234941 0.094338
0.226062 0.093511
0.217304 0.092571
0.208672 0.091521
0.200169 0.090364
0.191800 0.089102
0.183568 0.087740
0.175476 0.086282
0.167529 0.084732
0.159730 0.083095
0.152081 0.081377
0.144588 0.079584
0.137252 0.077721
0.130078 0.075794
0.123068 0.073809
0.116226 0.071771
0.109554 0.069688
0.103056 0.067564
0.096734 0.065406
0.090592 0.063218
0.084632 0.061006
0.078856 0.058775
0.073267 0.056530
0.067868 0.054274
0.062662 0.052011
0.057649 0.049746
0.052834 0.047481
0.048217 0.045218
0.043801 0.042962
0.039588 0.040712
0.035579 0.038472
0.031777 0.036242
0.028183 0.034024
0.024799 0.031818
0.021626 0.029624
0.018665 0.027443
0.015919 0.025275
0.013388 0.023119
0.011073 0.020976
0.008975 0.018843
0.007096 0.016721
0.005436 0.014609
0.003996 0.012505
0.002776 0.010409
0.001777 0.008320
0.001000 0.006235
0.000444 0.004155
0.000111 0.002077
0.000000 0.000000
0.000111 -0.001281
0.000444 -0.002560
0.001000 -0.003833
0.001777 -0.005097
0.002776 -0.006349
0.003996 -0.007587
0.005436 -0.008809
0.007096 -0.010010
0.008975 -0.011190
0.011073 -0.012345
0.013388 -0.013473
0.015919 -0.014572
0.018665 -0.015640
0.021626 -0.016676
0.024799 -0.017677
0.028183 -0.018643
0.031777 -0.019571
0.035579 -0.020461
0.039588 -0.021312
0.043801 -0.022124
0.048217 -0.022895
0.052834 -0.023626
0.057649 -0.024317
0.062662 -0.024967
0.067868 -0.025577
0.073267 -0.026149
0.078856 -0.026681
0.084632 -0.027177
0.090592 -0.027635
0.096734 -0.028059
0.103056 -0.028448
0.109554 -0.028805
0.116226 -0.029131
0.123068 -0.029427
0.130078 -0.029695
0.137252 -0.029938
0.144588 -0.030155
0.152081 -0.030350
0.159730 -0.030523
0.167529 -0.030676
0.175476 -0.030810
0.183568 -0.030927
0.191800 -0.031028
0.200169 -0.031114
0.208672 -0.031186
0.217304 -0.031244
0.226062 -0.031290
0.234941 -0.031323
0.243938 -0.031344
0.253049 -0.031354
0.262270 -0.031351
0.271597 -0.031338
0.281025 -0.031312
0.290550 -0.031274
0.300169 -0.031224
0.309876 -0.031162
0.319668 -0.031086
0.329540 -0.030997
0.339488 -0.030894
0.349507 -0.030778
0.359594 -0.030647
0.369742 -0.030501
0.379949 -0.030341
0.390208 -0.030165
0.400517 -0.029976
0.410870 -0.029771
0.421262 -0.029553
0.431690 -0.029320
0.442147 -0.029075
0.452631 -0.028817
0.463136 -0.028547
0.473657 -0.028266
0.484189 -0.027975
0.494729 -0.027675
0.505271 -0.027367
0.515811 -0.027053
0.526343 -0.026733
0.536864 -0.026409
0.547369 -0.026081
0.557853 -0.025752
0.568310 -0.025421
0.578738 -0.025090
0.589130 -0.024760
0.599483 -0.024431
0.609792 -0.024103
0.620051 -0.023778
0.630258 -0.023456
0.640406 -0.023136
0.650493 -0.022819
0.660512 -0.022504
0.670460 -0.022190
0.680332 -0.021878
0.690124 -0.021566
0.699831 -0.021254
0.709450 -0.020940
0.718975 -0.020624
0.728403 -0.020304
0.737730 -0.019979
0.746951 -0.019648
0.756062 -0.019309
0.765059 -0.018962
0.773938 -0.018606
0.782696 -0.018238
0.791328 -0.017859
0.799831 -0.017468
0.808200 -0.017063
0.816432 -0.016644
0.824524 -0.016212
0.832471 -0.015765
0.840270 -0.015304
0.847919 -0.014829
0.855412 -0.014340
0.862748 -0.013839
0.869922 -0.013326
0.876932 -0.012803
0.883774 -0.012270
0.890446 -0.011728
0.896944 -0.011180
0.903266 -0.010628
0.909408 -0.010072
0.915368 -0.009515
0.921144 -0.008958
0.926733 -0.008405
0.932132 -0.007856
0.937338 -0.007313
0.942351 -0.006780
0.947166 -0.006256
0.951783 -0.005746
0.956199 -0.005249
0.960412 -0.004768
0.964421 -0.004305
0.968223 -0.003860
0.971817 -0.003435
0.975201 -0.003032
0.978374 -0.002650
0.981335 -0.002293
0.984081 -0.001959
0.986612 -0.001650
0.988927 -0.001366
0.991025 -0.001108
0.992904 -0.000877
0.994564 -0.000672
0.996004 -0.000494
0.997224 -0.000344
0.998223 -0.000220
0.999000 -0.000124
0.999556 -0.000055
0.999889 -0.000014
1.000000 0.000000
