NACA 4412 optimized
1.000000 0.000000
0.999889 0.000040
0.999556 0.000158
0.999000 0.000355
0.998223 0.000631
0.997224 0.000985
0.996004 0.001415
0.994564 0.001922
0.992904 0.002505
0.991025 0.003162
0.988927 0.003892
0.986612 0.004695
0.984081 0.005568
0.981335 0.006511
0.978374 0.007522
0.975201 0.008599
0.971817 0.009742
0.968223 0.010948
0.964421 0.012215
0.960412 0.013544
0.956199 0.014930
0.951783 0.016374
0.947166 0.017873
0.942351 0.019426
0.937338 0.021030
0.932132 0.022684
0.926733 0.024386
0.921144 0.026134
0.915368 0.027925
0.909408 0.029758
0.903266 0.031629
0.896944 0.033537
0.890446 0.035479
0.883774 0.037451
0.876932 0.039452
0.869922 0.041477
0.862748 0.043523
0.855412 0.045587
0.847919 0.047664
0.840270 0.049752
0.832471 0.051845
0.824524 0.053940
0.816432 0.056032
0.808200 0.058116
0.799831 0.060189
0.791328 0.062245
0.782696 0.064280
0.773938 0.066290
0.765059 0.068269
0.756062 0.070213
0.746951 0.072117
0.737730 0.073978
0.728403 0.075791
0.718975 0.077553
0.709450 0.079260
0.699831 0.080908
0.690124 0.082494
0.680332 0.084016
0.670460 0.085471
0.660512 0.086858
0.650493 0.088174
0.640406 0.089419
0.630258 0.090591
0.620051 0.091690
0.609792 0.092715
0.599483 0.093666
0.589130 0.094545
0.578738 0.095351
0.568310 0.096085
0.557853 0.096749
0.547369 0.097344
0.536864 0.097871
0.526343 0.098332
0.515811 0.098728
0.505271 0.099061
0.494729 0.099332
0.484189 0.099544
0.473657 0.099697
0.463136 0.099793
0.452631 0.099833
0.442147 0.099819
0.431690 0.099751
0.421262 0.099630
0.410870 0.099457
0.400517 0.099232
0.390208 0.098954
0.379949 0.098626
0.369742 0.098245
0.359594 0.097811
0.349507 0.097325
0.339488 0.096786
0.329540 0.096193
0.319668 0.095544
0.309876 0.094841
0.300169 0.094081
0.290550 0.093263
0.281025 0.092389
0.271597 0.091456
0.262270 0.090464
0.253049 0.089413
0.243938 0.088304
0.234941 0.087135
0.226062 0.085908
0.217304 0.084623
0.208672 0.083280
0.200169 0.081882
0.191800 0.080428
0.183568 0.078922
0.175476 0.077364
0.167529 0.075756
0.159730 0.074102
0.152081 0.072403
0.144588 0.070662
0.137252 0.068882
0.130078 0.067066
0.123068 0.065217
0.116226 0.063338
0.109554 0.061433
0.103056 0.059504
0.096734 0.057556
0.090592 0.055590
0.084632 0.053611
0.078856 0.051622
0.073267 0.049625
0.067868 0.047622
0.062662 0.045618
0.057649 0.043614
0.052834 0.041612
0.048217 0.039614
0.043801 0.037623
0.039588 0.035640
0.035579 0.033666
0.031777 0.031703
0.028183 0.029750
0.024799 0.027810
0.021626 0.025882
0.018665 0.023967
0.015919 0.022065
0.013388 0.020174
0.011073 0.018297
0.008975 0.016430
0.007096 0.014575
0.005436 0.012730
0.003996 0.010893
0.002776 0.009065
0.001777 0.007244
0.001000 0.005428
0.000444 0.003616
0.000111 0.001807
0.000000 0.000000
0.000111 -0.000820
0.000444 -0.001638
0.001000 -0.002455
0.001777 -0.003269
0.002776 -0.004079
0.003996 -0.004883
0.005436 -0.005682
0.007096 -0.006474
0.008975 -0.007258
0.011073 -0.008034
0.013388 -0.008799
0.015919 -0.009553
0.018665 -0.010295
0.021626 -0.011024
0.024799 -0.011740
0.028183 -0.012440
0.031777 -0.013125
0.035579 -0.013794
0.039588 -0.014445
0.043801 -0.015077
0.048217 -0.015691
0.052834 -0.016286
0.057649 -0.016860
0.062662 -0.017413
0.067868 -0.017946
0.073267 -0.018457
0.078856 -0.018947
0.084632 -0.019414
0.090592 -0.019859
0.096734 -0.020282
0.103056 -0.020683
0.109554 -0.021062
0.116226 -0.021419
0.123068 -0.021753
0.130078 -0.022066
0.137252 -0.022357
0.144588 -0.022626
0.152081 -0.022874
0.159730 -0.023100
0.167529 -0.023306
0.175476 -0.023490
0.183568 -0.023653
0.191800 -0.023794
0.200169 -0.023915
0.208672 -0.024014
0.217304 -0.024091
0.226062 -0.024146
0.234941 -0.024178
0.243938 -0.024188
0.253049 -0.024175
0.262270 -0.024137
0.271597 -0.024075
0.281025 -0.023987
0.290550 -0.023874
0.300169 -0.023734
0.309876 -0.023567
0.319668 -0.023373
0.329540 -0.023150
0.339488 -0.022898
0.349507 -0.022618
0.359594 -0.022308
0.369742 -0.021968
0.379949 -0.021600
0.390208 -0.021202
0.400517 -0.020775
0.410870 -0.020320
0.421262 -0.019837
0.431690 -0.019327
0.442147 -0.018792
0.452631 -0.018234
0.463136 -0.017652
0.473657 -0.017050
0.484189 -0.016429
0.494729 -0.015791
0.505271 -0.015138
0.515811 -0.014474
0.526343 -0.013800
0.536864 -0.013119
0.547369 -0.012434
0.557853 -0.011747
0.568310 -0.011062
0.578738 -0.010380
0.589130 -0.009706
0.599483 -0.009040
0.609792 -0.008386
0.620051 -0.007747
0.630258 -0.007124
0.640406 -0.006520
0.650493 -0.005936
0.660512 -0.005374
0.670460 -0.004837
0.680332 -0.004324
0.690124 -0.003838
0.699831 -0.003379
0.709450 -0.002947
0.718975 -0.002544
0.728403 -0.002169
0.737730 -0.001822
0.746951 -0.001502
0.756062 -0.001210
0.765059 -0.000945
0.773938 -0.000706
0.782696 -0.000492
0.791328 -0.000302
0.799831 -0.000134
0.808200 0.000012
0.816432 0.000138
0.824524 0.000246
0.832471 0.000336
0.840270 0.000410
0.847919 0.000470
0.855412 0.000516
0.862748 0.000551
0.869922 0.000576
0.876932 0.000591
0.883774 0.000598
0.890446 0.000598
0.896944 0.000592
0.903266 0.000581
0.909408 0.000566
0.915368 0.000548
0.921144 0.000526
0.926733 0.000502
0.932132 0.000477
0.937338 0.000450
0.942351 0.000423
0.947166 0.000395
0.951783 0.000367
0.956199 0.000339
0.960412 0.000311
0.964421 0.000284
0.968223 0.000257
0.971817 0.000231
0.975201 0.000206
0.978374 0.000181
0.981335 0.000158
0.984081 0.000137
0.986612 0.000116
0.988927 0.000097
0.991025 0.000079
0.992904 0.000063
0.994564 0.000049
0.996004 0.000036
0.997224 0.000025
0.998223 0.000016
0.999000 0.000009
0.999556 0.000004
0.999889 0.000001
1.000000 0.000000
