NACA 2412
  1.0000000000   0.0000000000
  0.9998899392   0.0000235249
  0.9995598023   0.0000940670
  0.9990097262   0.0002115290
  0.9982399390   0.0003757489
  0.9972507599   0.0005865003
  0.9960425993   0.0008434936
  0.9946159585   0.0011463760
  0.9929714301   0.0014947327
  0.9911096971   0.0018880884
  0.9890315337   0.0023259078
  0.9867378045   0.0028075974
  0.9842294645   0.0033325070
  0.9815075592   0.0038999310
  0.9785732239   0.0045091105
  0.9754276840   0.0051592350
  0.9720722542   0.0058494442
  0.9685083387   0.0065788301
  0.9647374308   0.0073464392
  0.9607611121   0.0081512745
  0.9565810527   0.0089922977
  0.9521990104   0.0098684317
  0.9476168306   0.0107785624
  0.9428364455   0.0117215415
  0.9378598736   0.0126961883
  0.9326892193   0.0137012923
  0.9273266722   0.0147356155
  0.9217745064   0.0157978944
  0.9160350800   0.0168868421
  0.9101108340   0.0180011510
  0.9040042919   0.0191394943
  0.8977180587   0.0203005282
  0.8912548200   0.0214828942
  0.8846173410   0.0226852203
  0.8778084657   0.0239061233
  0.8708311161   0.0251442104
  0.8636882903   0.0263980807
  0.8563830625   0.0276663267
  0.8489185811   0.0289475358
  0.8412980675   0.0302402914
  0.8335248155   0.0315431744
  0.8256021893   0.0328547641
  0.8175336225   0.0341736390
  0.8093226170   0.0354983783
  0.8009727409   0.0368275620
  0.7924876278   0.0381597721
  0.7838709749   0.0394935932
  0.7751265417   0.0408276127
  0.7662581483   0.0421604216
  0.7572696738   0.0434906150
  0.7481650549   0.0448167922
  0.7389482843   0.0461375572
  0.7296234086   0.0474515187
  0.7201945271   0.0487572909
  0.7106657899   0.0500534934
  0.7010413961   0.0513387511
  0.6913255921   0.0526116952
  0.6815226699   0.0538709628
  0.6716369650   0.0551151975
  0.6616728551   0.0563430494
  0.6516347575   0.0575531759
  0.6415271280   0.0587442416
  0.6313544585   0.0599149189
  0.6211212753   0.0610638888
  0.6108321370   0.0621898411
  0.6004916329   0.0632914753
  0.5901043803   0.0643675012
  0.5796750236   0.0654166398
  0.5692082312   0.0664376246
  0.5587086941   0.0674292018
  0.5481811238   0.0683901326
  0.5376302497   0.0693191933
  0.5270608179   0.0702151777
  0.5164775882   0.0710768978
  0.5058853325   0.0719031858
  0.4952888323   0.0726928956
  0.4846928766   0.0734449047
  0.4741022601   0.0741581160
  0.4635217802   0.0748314599
  0.4529562352   0.0754638958
  0.4424104221   0.0760544152
  0.4318891339   0.0766020427
  0.4213971577   0.0771058393
  0.4109392719   0.0775649038
  0.4005202443   0.0779783757
  0.3900654750   0.0783386386
  0.3796543274   0.0786368023
  0.3692958868   0.0788723506
  0.3589950594   0.0790448624
  0.3487567316   0.0791539940
  0.3385857673   0.0791994814
  0.3284870045   0.0791811412
  0.3184652523   0.0790988721
  0.3085252876   0.0789526561
  0.2986718520   0.0787425597
  0.2889096486   0.0784687343
  0.2792433391   0.0781314170
  0.2696775401   0.0777309313
  0.2602168201   0.0772676870
  0.2508656968   0.0767421801
  0.2416286332   0.0761549927
  0.2325100352   0.0755067927
  0.2235142481   0.0747983325
  0.2146455537   0.0740304483
  0.2059081677   0.0732040587
  0.1973062363   0.0723201634
  0.1888438336   0.0713798406
  0.1805249590   0.0703842457
  0.1723535346   0.0693346083
  0.1643334023   0.0682322298
  0.1564683216   0.0670784802
  0.1487619674   0.0658747952
  0.1412179276   0.0646226723
  0.1338397008   0.0633236671
  0.1266306947   0.0619793896
  0.1195942240   0.0605914995
  0.1127335088   0.0591617022
  0.1060516725   0.0576917436
  0.0995517413   0.0561834056
  0.0932366416   0.0546385008
  0.0871091998   0.0530588675
  0.0811721408   0.0514463639
  0.0754280867   0.0498028633
  0.0698795567   0.0481302475
  0.0645289655   0.0464304022
  0.0593786235   0.0447052101
  0.0544307358   0.0429565462
  0.0496874019   0.0411862711
  0.0451506155   0.0393962257
  0.0408222643   0.0375882250
  0.0367041299   0.0357640530
  0.0327978877   0.0339254562
  0.0291051072   0.0320741388
  0.0256272518   0.0302117567
  0.0223656793   0.0283399125
  0.0193216422   0.0264601505
  0.0164962876   0.0245739513
  0.0138906581   0.0226827276
  0.0115056919   0.0207878194
  0.0093422231   0.0188904899
  0.0074009823   0.0169919216
  0.0056825973   0.0150932122
  0.0041875931   0.0131953721
  0.0029163927   0.0112993206
  0.0018693172   0.0094058833
  0.0010465869   0.0075157902
  0.0004483209   0.0056296733
  0.0000745384   0.0037480651
 -0.0000748418   0.0018713973
  0.0000000000   0.0000000000
  0.0002971119  -0.0018491734
  0.0008144434  -0.0036592163
  0.0015515175  -0.0054299395
  0.0025077596  -0.0071611452
  0.0036824974  -0.0088526283
  0.0050749624  -0.0105041764
  0.0066842903  -0.0121155712
  0.0085095217  -0.0136865888
  0.0105496035  -0.0152170019
  0.0128033902  -0.0167065804
  0.0152696445  -0.0181550932
  0.0179470389  -0.0195623103
  0.0208341572  -0.0209280044
  0.0239294958  -0.0222519530
  0.0272314652  -0.0235339404
  0.0307383917  -0.0247737602
  0.0344485187  -0.0259712177
  0.0383600087  -0.0271261320
  0.0424709448  -0.0282383388
  0.0467793325  -0.0293076929
  0.0512831012  -0.0303340704
  0.0559801063  -0.0313173717
  0.0608681307  -0.0322575239
  0.0659448866  -0.0331544830
  0.0712080171  -0.0340082369
  0.0766550983  -0.0348188074
  0.0822836402  -0.0355862524
  0.0880910892  -0.0363106685
  0.0940748291  -0.0369921928
  0.1002321831  -0.0376310050
  0.1065604147  -0.0382273288
  0.1130567298  -0.0387814341
  0.1197182778  -0.0392936381
  0.1265421528  -0.0397643066
  0.1335253952  -0.0401938550
  0.1406649926  -0.0405827494
  0.1479578811  -0.0409315069
  0.1554009466  -0.0412406962
  0.1629910253  -0.0415109377
  0.1707249053  -0.0417429033
  0.1785993270  -0.0419373165
  0.1866109842  -0.0420949514
  0.1947565249  -0.0422166319
  0.2030325519  -0.0423032311
  0.2114356237  -0.0423556696
  0.2199622550  -0.0423749141
  0.2286089177  -0.0423619757
  0.2373720409  -0.0423179079
  0.2462480119  -0.0422438045
  0.2552331769  -0.0421407971
  0.2643238410  -0.0420100524
  0.2735162694  -0.0418527701
  0.2828066874  -0.0416701789
  0.2921912814  -0.0414635344
  0.3016661991  -0.0412341156
  0.3112275503  -0.0409832211
  0.3208714075  -0.0407121664
  0.3305938067  -0.0404222798
  0.3403907476  -0.0401148992
  0.3502581949  -0.0397913681
  0.3601920786  -0.0394530323
  0.3701882954  -0.0391012359
  0.3802427087  -0.0387373178
  0.3903511505  -0.0383626079
  0.4005135843  -0.0379784054
  0.4108002082  -0.0375780317
  0.4211272179  -0.0371560705
  0.4314901415  -0.0367136242
  0.4418844865  -0.0362517938
  0.4523057421  -0.0357716759
  0.4627493808  -0.0352743600
  0.4732108599  -0.0347609259
  0.4836856239  -0.0342324414
  0.4941691058  -0.0336899598
  0.5046567295  -0.0331345180
  0.5151439112  -0.0325671345
  0.5256260620  -0.0319888071
  0.5360985893  -0.0314005122
  0.5465568989  -0.0308032021
  0.5569963973  -0.0301978047
  0.5674124934  -0.0295852221
  0.5778006008  -0.0289663293
  0.5881561395  -0.0283419740
  0.5984745386  -0.0277129755
  0.6087512374  -0.0270801247
  0.6189816885  -0.0264441838
  0.6291613593  -0.0258058861
  0.6392857340  -0.0251659362
  0.6493503160  -0.0245250105
  0.6593506300  -0.0238837570
  0.6692822238  -0.0232427966
  0.6791406703  -0.0226027234
  0.6889215701  -0.0219641055
  0.6986205529  -0.0213274859
  0.7082332801  -0.0206933839
  0.7177554463  -0.0200622956
  0.7271827819  -0.0194346957
  0.7365110545  -0.0188110382
  0.7457360714  -0.0181917582
  0.7548536811  -0.0175772726
  0.7638597756  -0.0169679823
  0.7727502925  -0.0163642727
  0.7815212163  -0.0157665156
  0.7901685808  -0.0151750705
  0.7986884710  -0.0145902857
  0.8070770246  -0.0140124998
  0.8153304342  -0.0134420428
  0.8234449491  -0.0128792375
  0.8314168769  -0.0123244003
  0.8392425856  -0.0117778426
  0.8469185050  -0.0112398715
  0.8544411288  -0.0107107908
  0.8618070163  -0.0101909019
  0.8690127941  -0.0096805042
  0.8760551574  -0.0091798959
  0.8829308725  -0.0086893743
  0.8896367777  -0.0082092366
  0.8961697853  -0.0077397795
  0.9025268834  -0.0072813000
  0.9087051370  -0.0068340950
  0.9147016901  -0.0063984612
  0.9205137667  -0.0059746956
  0.9261386729  -0.0055630942
  0.9315737980  -0.0051639526
  0.9368166163  -0.0047775649
  0.9418646880  -0.0044042234
  0.9467156612  -0.0040442181
  0.9513672729  -0.0036978356
  0.9558173506  -0.0033653591
  0.9600638132  -0.0030470665
  0.9641046728  -0.0027432307
  0.9679380354  -0.0024541179
  0.9715621023  -0.0021799870
  0.9749751715  -0.0019210887
  0.9781756381  -0.0016776641
  0.9811619960  -0.0014499447
  0.9839328385  -0.0012381505
  0.9864868591  -0.0010424894
  0.9888228530  -0.0008631565
  0.9909397170  -0.0007003333
  0.9928364509  -0.0005541863
  0.9945121580  -0.0004248670
  0.9959660456  -0.0003125105
  0.9971974254  -0.0002172356
  0.9982057145  -0.0001391434
  0.9989904353  -0.0000783175
  0.9995512160  -0.0000348235
  0.9998877907  -0.0000087082
  1.0000000000   0.0000000000
