NACA2412_X2
   1.0000000   0.0000000
   0.9899849   0.0020618
   0.9783111   0.0044429
   0.9658288   0.0069640
   0.9527457   0.0095806
   0.9391675   0.0122700
   0.9251613   0.0150181
   0.9107758   0.0178149
   0.8960486   0.0206530
   0.8810110   0.0235266
   0.8656894   0.0264307
   0.8501079   0.0293609
   0.8342877   0.0323133
   0.8182492   0.0352840
   0.8020107   0.0382691
   0.7855902   0.0412644
   0.7690046   0.0442654
   0.7522701   0.0472673
   0.7354026   0.0502643
   0.7184170   0.0532503
   0.7013284   0.0562182
   0.6841511   0.0591601
   0.6668993   0.0620669
   0.6495863   0.0649290
   0.6322260   0.0677353
   0.6148316   0.0704741
   0.5974163   0.0731326
   0.5799928   0.0756976
   0.5625743   0.0781548
   0.5451739   0.0804899
   0.5278047   0.0826882
   0.5104799   0.0847353
   0.4932132   0.0866170
   0.4760185   0.0883199
   0.4589101   0.0898314
   0.4419025   0.0911405
   0.4250106   0.0922373
   0.4082497   0.0931137
   0.3916352   0.0937635
   0.3751830   0.0941823
   0.3589087   0.0943676
   0.3428281   0.0943188
   0.3269572   0.0940372
   0.3113115   0.0935257
   0.2959064   0.0927889
   0.2807571   0.0918328
   0.2658781   0.0906645
   0.2512839   0.0892922
   0.2369884   0.0877250
   0.2230048   0.0859728
   0.2093463   0.0840459
   0.1960252   0.0819550
   0.1830533   0.0797111
   0.1704423   0.0773254
   0.1582033   0.0748091
   0.1463466   0.0721734
   0.1348826   0.0694293
   0.1238212   0.0665880
   0.1131716   0.0636599
   0.1029431   0.0606557
   0.0931445   0.0575856
   0.0837846   0.0544596
   0.0748714   0.0512872
   0.0664140   0.0480780
   0.0584198   0.0448410
   0.0508977   0.0415851
   0.0438560   0.0383190
   0.0373037   0.0350514
   0.0312492   0.0317904
   0.0257033   0.0285453
   0.0206761   0.0253254
   0.0161797   0.0221415
   0.0122268   0.0190067
   0.0088312   0.0159378
   0.0060063   0.0129590
   0.0037620   0.0101063
   0.0020952   0.0074305
   0.0009780   0.0050030
   0.0003393   0.0029074
   0.0000614   0.0012222
   0.0000000   0.0000000
   0.0000613  -0.0011980
   0.0003565  -0.0028454
   0.0010831  -0.0048646
   0.0024221  -0.0071133
   0.0044657  -0.0094278
   0.0072122  -0.0116874
   0.0106153  -0.0138324
   0.0146244  -0.0158443
   0.0191981  -0.0177242
   0.0243050  -0.0194799
   0.0299217  -0.0211213
   0.0360300  -0.0226573
   0.0426148  -0.0240958
   0.0496642  -0.0254434
   0.0571673  -0.0267057
   0.0651139  -0.0278868
   0.0734952  -0.0289902
   0.0823022  -0.0300187
   0.0915262  -0.0309743
   0.1011583  -0.0318585
   0.1111901  -0.0326726
   0.1216127  -0.0334174
   0.1324174  -0.0340937
   0.1435951  -0.0347020
   0.1551366  -0.0352428
   0.1670325  -0.0357165
   0.1792733  -0.0361236
   0.1918488  -0.0364646
   0.2047495  -0.0367400
   0.2179648  -0.0369505
   0.2314844  -0.0370967
   0.2452979  -0.0371795
   0.2593941  -0.0371998
   0.2737621  -0.0371585
   0.2883908  -0.0370567
   0.3032684  -0.0368957
   0.3183841  -0.0366768
   0.3337253  -0.0364014
   0.3492806  -0.0360708
   0.3650380  -0.0356868
   0.3809846  -0.0352508
   0.3971089  -0.0347647
   0.4133977  -0.0342302
   0.4298386  -0.0336492
   0.4464189  -0.0330235
   0.4631251  -0.0323551
   0.4799449  -0.0316460
   0.4968645  -0.0308982
   0.5138710  -0.0301138
   0.5309508  -0.0292949
   0.5480905  -0.0284437
   0.5652766  -0.0275623
   0.5824945  -0.0266529
   0.5997313  -0.0257178
   0.6169728  -0.0247591
   0.6342045  -0.0237792
   0.6514124  -0.0227802
   0.6685822  -0.0217644
   0.6856998  -0.0207340
   0.7027496  -0.0196914
   0.7197175  -0.0186387
   0.7365883  -0.0175784
   0.7533465  -0.0165125
   0.7699767  -0.0154434
   0.7864629  -0.0143733
   0.8027884  -0.0133045
   0.8189364  -0.0122393
   0.8348894  -0.0111798
   0.8506284  -0.0101285
   0.8661339  -0.0090877
   0.8813846  -0.0080597
   0.8963565  -0.0070471
   0.9110237  -0.0060525
   0.9253549  -0.0050787
   0.9393128  -0.0041291
   0.9528491  -0.0032075
   0.9658966  -0.0023191
   0.9783495  -0.0014715
   0.9900008  -0.0006792
   1.0000000   0.0000000
