NACA 2412 optimized
1.000000 0.000000
0.999889 0.000022
0.999556 0.000087
0.999000 0.000196
0.998223 0.000349
0.997224 0.000545
0.996004 0.000784
0.994564 0.001067
0.992904 0.001392
0.991025 0.001760
0.988927 0.002171
0.986612 0.002623
0.984081 0.003118
0.981335 0.003654
0.978374 0.004231
0.975201 0.004850
0.971817 0.005509
0.968223 0.006208
0.964421 0.006947
0.960412 0.007725
0.956199 0.008543
0.951783 0.009399
0.947166 0.010294
0.942351 0.011227
0.937338 0.012197
0.932132 0.013204
0.926733 0.014248
0.921144 0.015328
0.915368 0.016444
0.909408 0.017595
0.903266 0.018781
0.896944 0.020001
0.890446 0.021255
0.883774 0.022542
0.876932 0.023861
0.869922 0.025212
0.862748 0.026595
0.855412 0.028007
0.847919 0.029450
0.840270 0.030922
0.832471 0.032421
0.824524 0.033948
0.816432 0.035502
0.808200 0.037081
0.799831 0.038684
0.791328 0.040312
0.782696 0.041961
0.773938 0.043633
0.765059 0.045324
0.756062 0.047035
0.746951 0.048763
0.737730 0.050508
0.728403 0.052267
0.718975 0.054041
0.709450 0.055826
0.699831 0.057621
0.690124 0.059425
0.680332 0.061236
0.670460 0.063051
0.660512 0.064869
0.650493 0.066686
0.640406 0.068502
0.630258 0.070313
0.620051 0.072116
0.609792 0.073908
0.599483 0.075688
0.589130 0.077450
0.578738 0.079192
0.568310 0.080911
0.557853 0.082602
0.547369 0.084262
0.536864 0.085887
0.526343 0.087472
0.515811 0.089013
0.505271 0.090507
0.494729 0.091947
0.484189 0.093330
0.473657 0.094651
0.463136 0.095905
0.452631 0.097088
0.442147 0.098195
0.431690 0.099222
0.421262 0.100164
0.410870 0.101017
0.400517 0.101776
0.390208 0.102439
0.379949 0.103001
0.369742 0.103459
0.359594 0.103810
0.349507 0.104051
0.339488 0.104180
0.329540 0.104196
0.319668 0.104096
0.309876 0.103879
0.300169 0.103546
0.290550 0.103096
0.281025 0.102529
0.271597 0.101846
0.262270 0.101049
0.253049 0.100139
0.243938 0.099119
0.234941 0.097992
0.226062 0.096760
0.217304 0.095428
0.208672 0.093998
0.200169 0.092477
0.191800 0.090867
0.183568 0.089175
0.175476 0.087404
0.167529 0.085562
0.159730 0.083652
0.152081 0.081680
0.144588 0.079653
0.137252 0.077575
0.130078 0.075452
0.123068 0.073291
0.116226 0.071095
0.109554 0.068871
0.103056 0.066624
0.096734 0.064358
0.090592 0.062078
0.084632 0.059788
0.078856 0.057493
0.073267 0.055197
0.067868 0.052902
0.062662 0.050612
0.057649 0.048330
0.052834 0.046058
0.048217 0.043798
0.043801 0.041553
0.039588 0.039323
0.035579 0.037110
0.031777 0.034915
0.028183 0.032738
0.024799 0.030580
0.021626 0.028440
0.018665 0.026319
0.015919 0.024216
0.013388 0.022130
0.011073 0.020061
0.008975 0.018007
0.007096 0.015968
0.005436 0.013942
0.003996 0.011928
0.002776 0.009924
0.001777 0.007928
0.001000 0.005940
0.000444 0.003957
0.000111 0.001978
0.000000 0.000000
0.000111 -0.000824
0.000444 -0.001646
0.001000 -0.002464
0.001777 -0.003276
0.002776 -0.004080
0.003996 -0.004874
0.005436 -0.005656
0.007096 -0.006425
0.008975 -0.007178
0.011073 -0.007915
0.013388 -0.008632
0.015919 -0.009330
0.018665 -0.010005
0.021626 -0.010658
0.024799 -0.011286
0.028183 -0.011889
0.031777 -0.012466
0.035579 -0.013015
0.039588 -0.013537
0.043801 -0.014029
0.048217 -0.014493
0.052834 -0.014928
0.057649 -0.015333
0.062662 -0.015709
0.067868 -0.016055
0.073267 -0.016373
0.078856 -0.016663
0.084632 -0.016924
0.090592 -0.017159
0.096734 -0.017368
0.103056 -0.017553
0.109554 -0.017713
0.116226 -0.017851
0.123068 -0.017967
0.130078 -0.018064
0.137252 -0.018142
0.144588 -0.018204
0.152081 -0.018250
0.159730 -0.018283
0.167529 -0.018303
0.175476 -0.018312
0.183568 -0.018313
0.191800 -0.018305
0.200169 -0.018290
0.208672 -0.018270
0.217304 -0.018246
0.226062 -0.018219
0.234941 -0.018189
0.243938 -0.018158
0.253049 -0.018125
0.262270 -0.018093
0.271597 -0.018060
0.281025 -0.018028
0.290550 -0.017996
0.300169 -0.017965
0.309876 -0.017933
0.319668 -0.017902
0.329540 -0.017871
0.339488 -0.017838
0.349507 -0.017805
0.359594 -0.017770
0.369742 -0.017733
0.379949 -0.017692
0.390208 -0.017648
0.400517 -0.017599
0.410870 -0.017545
0.421262 -0.017486
0.431690 -0.017420
0.442147 -0.017346
0.452631 -0.017266
0.463136 -0.017177
0.473657 -0.017079
0.484189 -0.016973
0.494729 -0.016857
0.505271 -0.016732
0.515811 -0.016597
0.526343 -0.016453
0.536864 -0.016298
0.547369 -0.016135
0.557853 -0.015961
0.568310 -0.015778
0.578738 -0.015586
0.589130 -0.015386
0.599483 -0.015177
0.609792 -0.014960
0.620051 -0.014735
0.630258 -0.014503
0.640406 -0.014264
0.650493 -0.014019
0.660512 -0.013769
0.670460 -0.013512
0.680332 -0.013251
0.690124 -0.012985
0.699831 -0.012715
0.709450 -0.012441
0.718975 -0.012163
0.728403 -0.011883
0.737730 -0.011599
0.746951 -0.011312
0.756062 -0.011023
0.765059 -0.010732
0.773938 -0.010438
0.782696 -0.010143
0.791328 -0.009845
0.799831 -0.009546
0.808200 -0.009246
0.816432 -0.008944
0.824524 -0.008641
0.832471 -0.008338
0.840270 -0.008033
0.847919 -0.007728
0.855412 -0.007423
0.862748 -0.007118
0.869922 -0.006813
0.876932 -0.006508
0.883774 -0.006205
0.890446 -0.005904
0.896944 -0.005604
0.903266 -0.005307
0.909408 -0.005012
0.915368 -0.004721
0.921144 -0.004434
0.926733 -0.004151
0.932132 -0.003874
0.937338 -0.003602
0.942351 -0.003336
0.947166 -0.003076
0.951783 -0.002824
0.956199 -0.002580
0.960412 -0.002345
0.964421 -0.002118
0.968223 -0.001900
0.971817 -0.001693
0.975201 -0.001495
0.978374 -0.001309
0.981335 -0.001134
0.984081 -0.000970
0.986612 -0.000818
0.988927 -0.000678
0.991025 -0.000551
0.992904 -0.000436
0.994564 -0.000335
0.996004 -0.000247
0.997224 -0.000172
0.998223 -0.000110
0.999000 -0.000062
0.999556 -0.000028
0.999889 -0.000007
1.000000 0.000000
