NACA 2412 optimized
1.000000 0.000000
0.999889 0.000026
0.999556 0.000106
0.999000 0.000238
0.998223 0.000423
0.997224 0.000660
0.996004 0.000949
0.994564 0.001290
0.992904 0.001682
0.991025 0.002124
0.988927 0.002617
0.986612 0.003158
0.984081 0.003748
0.981335 0.004385
0.978374 0.005068
0.975201 0.005797
0.971817 0.006570
0.968223 0.007385
0.964421 0.008243
0.960412 0.009141
0.956199 0.010077
0.951783 0.011051
0.947166 0.012061
0.942351 0.013106
0.937338 0.014183
0.932132 0.015291
0.926733 0.016429
0.921144 0.017594
0.915368 0.018786
0.909408 0.020003
0.903266 0.021243
0.896944 0.022504
0.890446 0.023786
0.883774 0.025087
0.876932 0.026405
0.869922 0.027739
0.862748 0.029089
0.855412 0.030453
0.847919 0.031831
0.840270 0.033221
0.832471 0.034623
0.824524 0.036037
0.816432 0.037461
0.808200 0.038897
0.799831 0.040343
0.791328 0.041800
0.782696 0.043267
0.773938 0.044744
0.765059 0.046232
0.756062 0.047731
0.746951 0.049240
0.737730 0.050760
0.728403 0.052291
0.718975 0.053833
0.709450 0.055386
0.699831 0.056949
0.690124 0.058522
0.680332 0.060105
0.670460 0.061696
0.660512 0.063295
0.650493 0.064901
0.640406 0.066512
0.630258 0.068126
0.620051 0.069742
0.609792 0.071356
0.599483 0.072967
0.589130 0.074571
0.578738 0.076164
0.568310 0.077744
0.557853 0.079307
0.547369 0.080848
0.536864 0.082363
0.526343 0.083847
0.515811 0.085295
0.505271 0.086703
0.494729 0.088065
0.484189 0.089375
0.473657 0.090630
0.463136 0.091822
0.452631 0.092948
0.442147 0.094002
0.431690 0.094978
0.421262 0.095872
0.410870 0.096679
0.400517 0.097396
0.390208 0.098017
0.379949 0.098540
0.369742 0.098960
0.359594 0.099276
0.349507 0.099485
0.339488 0.099584
0.329540 0.099573
0.319668 0.099451
0.309876 0.099218
0.300169 0.098873
0.290550 0.098418
0.281025 0.097854
0.271597 0.097182
0.262270 0.096406
0.253049 0.095527
0.243938 0.094549
0.234941 0.093475
0.226062 0.092310
0.217304 0.091058
0.208672 0.089723
0.200169 0.088309
0.191800 0.086822
0.183568 0.085267
0.175476 0.083649
0.167529 0.081972
0.159730 0.080242
0.152081 0.078463
0.144588 0.076641
0.137252 0.074780
0.130078 0.072884
0.123068 0.070957
0.116226 0.069004
0.109554 0.067028
0.103056 0.065032
0.096734 0.063019
0.090592 0.060993
0.084632 0.058954
0.078856 0.056906
0.073267 0.054850
0.067868 0.052787
0.062662 0.050719
0.057649 0.048647
0.052834 0.046570
0.048217 0.044490
0.043801 0.042407
0.039588 0.040321
0.035579 0.038232
0.031777 0.036140
0.028183 0.034044
0.024799 0.031945
0.021626 0.029842
0.018665 0.027735
0.015919 0.025624
0.013388 0.023509
0.011073 0.021390
0.008975 0.019266
0.007096 0.017138
0.005436 0.015005
0.003996 0.012870
0.002776 0.010730
0.001777 0.008588
0.001000 0.006443
0.000444 0.004297
0.000111 0.002149
0.000000 0.000000
0.000111 -0.000752
0.000444 -0.001502
0.001000 -0.002250
0.001777 -0.002994
0.002776 -0.003733
0.003996 -0.004466
0.005436 -0.005192
0.007096 -0.005909
0.008975 -0.006616
0.011073 -0.007313
0.013388 -0.007997
0.015919 -0.008669
0.018665 -0.009326
0.021626 -0.009968
0.024799 -0.010594
0.028183 -0.011203
0.031777 -0.011795
0.035579 -0.012367
0.039588 -0.012921
0.043801 -0.013455
0.048217 -0.013968
0.052834 -0.014460
0.057649 -0.014932
0.062662 -0.015381
0.067868 -0.015810
0.073267 -0.016216
0.078856 -0.016601
0.084632 -0.016964
0.090592 -0.017306
0.096734 -0.017628
0.103056 -0.017928
0.109554 -0.018208
0.116226 -0.018469
0.123068 -0.018711
0.130078 -0.018935
0.137252 -0.019141
0.144588 -0.019331
0.152081 -0.019505
0.159730 -0.019664
0.167529 -0.019809
0.175476 -0.019940
0.183568 -0.020059
0.191800 -0.020167
0.200169 -0.020264
0.208672 -0.020351
0.217304 -0.020428
0.226062 -0.020497
0.234941 -0.020558
0.243938 -0.020612
0.253049 -0.020658
0.262270 -0.020698
0.271597 -0.020732
0.281025 -0.020760
0.290550 -0.020781
0.300169 -0.020798
0.309876 -0.020808
0.319668 -0.020813
0.329540 -0.020812
0.339488 -0.020805
0.349507 -0.020792
0.359594 -0.020772
0.369742 -0.020746
0.379949 -0.020713
0.390208 -0.020673
0.400517 -0.020626
0.410870 -0.020570
0.421262 -0.020506
0.431690 -0.020434
0.442147 -0.020354
0.452631 -0.020264
0.463136 -0.020165
0.473657 -0.020057
0.484189 -0.019940
0.494729 -0.019813
0.505271 -0.019676
0.515811 -0.019530
0.526343 -0.019374
0.536864 -0.019208
0.547369 -0.019033
0.557853 -0.018848
0.568310 -0.018654
0.578738 -0.018451
0.589130 -0.018239
0.599483 -0.018018
0.609792 -0.017788
0.620051 -0.017550
0.630258 -0.017304
0.640406 -0.017049
0.650493 -0.016787
0.660512 -0.016517
0.670460 -0.016240
0.680332 -0.015956
0.690124 -0.015664
0.699831 -0.015365
0.709450 -0.015060
0.718975 -0.014748
0.728403 -0.014430
0.737730 -0.014106
0.746951 -0.013776
0.756062 -0.013439
0.765059 -0.013098
0.773938 -0.012750
0.782696 -0.012398
0.791328 -0.012041
0.799831 -0.011679
0.808200 -0.011313
0.816432 -0.010943
0.824524 -0.010570
0.832471 -0.010193
0.840270 -0.009814
0.847919 -0.009434
0.855412 -0.009051
0.862748 -0.008668
0.869922 -0.008285
0.876932 -0.007903
0.883774 -0.007521
0.890446 -0.007142
0.896944 -0.006765
0.903266 -0.006392
0.909408 -0.006024
0.915368 -0.005660
0.921144 -0.005302
0.926733 -0.004951
0.932132 -0.004608
0.937338 -0.004272
0.942351 -0.003946
0.947166 -0.003629
0.951783 -0.003322
0.956199 -0.003027
0.960412 -0.002742
0.964421 -0.002470
0.968223 -0.002210
0.971817 -0.001964
0.975201 -0.001730
0.978374 -0.001511
0.981335 -0.001305
0.984081 -0.001114
0.986612 -0.000937
0.988927 -0.000776
0.991025 -0.000629
0.992904 -0.000498
0.994564 -0.000381
0.996004 -0.000280
0.997224 -0.000195
0.998223 -0.000125
0.999000 -0.000070
0.999556 -0.000031
0.999889 -0.000008
1.000000 0.000000
