NACA 2412 optimized
1.000000 0.000000
0.999889 0.000024
0.999556 0.000095
0.999000 0.000214
0.998223 0.000381
0.997224 0.000594
0.996004 0.000853
0.994564 0.001159
0.992904 0.001510
0.991025 0.001906
0.988927 0.002346
0.986612 0.002830
0.984081 0.003356
0.981335 0.003923
0.978374 0.004532
0.975201 0.005180
0.971817 0.005868
0.968223 0.006593
0.964421 0.007356
0.960412 0.008155
0.956199 0.008989
0.951783 0.009857
0.947166 0.010759
0.942351 0.011694
0.937338 0.012661
0.932132 0.013659
0.926733 0.014688
0.921144 0.015746
0.915368 0.016834
0.909408 0.017950
0.903266 0.019094
0.896944 0.020266
0.890446 0.021465
0.883774 0.022691
0.876932 0.023943
0.869922 0.025221
0.862748 0.026524
0.855412 0.027853
0.847919 0.029207
0.840270 0.030586
0.832471 0.031989
0.824524 0.033416
0.816432 0.034867
0.808200 0.036341
0.799831 0.037838
0.791328 0.039359
0.782696 0.040901
0.773938 0.042465
0.765059 0.044050
0.756062 0.045656
0.746951 0.047281
0.737730 0.048926
0.728403 0.050588
0.718975 0.052267
0.709450 0.053961
0.699831 0.055670
0.690124 0.057391
0.680332 0.059124
0.670460 0.060865
0.660512 0.062614
0.650493 0.064367
0.640406 0.066122
0.630258 0.067877
0.620051 0.069629
0.609792 0.071374
0.599483 0.073110
0.589130 0.074832
0.578738 0.076537
0.568310 0.078222
0.557853 0.079881
0.547369 0.081511
0.536864 0.083106
0.526343 0.084664
0.515811 0.086178
0.505271 0.087643
0.494729 0.089056
0.484189 0.090410
0.473657 0.091701
0.463136 0.092924
0.452631 0.094074
0.442147 0.095146
0.431690 0.096135
0.421262 0.097037
0.410870 0.097847
0.400517 0.098562
0.390208 0.099177
0.379949 0.099690
0.369742 0.100096
0.359594 0.100393
0.349507 0.100579
0.339488 0.100652
0.329540 0.100611
0.319668 0.100453
0.309876 0.100180
0.300169 0.099791
0.290550 0.099286
0.281025 0.098667
0.271597 0.097935
0.262270 0.097092
0.253049 0.096140
0.243938 0.095083
0.234941 0.093925
0.226062 0.092668
0.217304 0.091316
0.208672 0.089876
0.200169 0.088350
0.191800 0.086745
0.183568 0.085065
0.175476 0.083316
0.167529 0.081504
0.159730 0.079633
0.152081 0.077709
0.144588 0.075739
0.137252 0.073727
0.130078 0.071680
0.123068 0.069601
0.116226 0.067496
0.109554 0.065370
0.103056 0.063228
0.096734 0.061073
0.090592 0.058911
0.084632 0.056743
0.078856 0.054575
0.073267 0.052408
0.067868 0.050246
0.062662 0.048090
0.057649 0.045944
0.052834 0.043808
0.048217 0.041684
0.043801 0.039574
0.039588 0.037477
0.035579 0.035395
0.031777 0.033328
0.028183 0.031276
0.024799 0.029239
0.021626 0.027216
0.018665 0.025207
0.015919 0.023212
0.013388 0.021230
0.011073 0.019260
0.008975 0.017301
0.007096 0.015353
0.005436 0.013413
0.003996 0.011482
0.002776 0.009557
0.001777 0.007639
0.001000 0.005725
0.000444 0.003815
0.000111 0.001907
0.000000 0.000000
0.000111 -0.000863
0.000444 -0.001724
0.001000 -0.002581
0.001777 -0.003431
0.002776 -0.004274
0.003996 -0.005106
0.005436 -0.005926
0.007096 -0.006731
0.008975 -0.007521
0.011073 -0.008294
0.013388 -0.009047
0.015919 -0.009781
0.018665 -0.010492
0.021626 -0.011180
0.024799 -0.011845
0.028183 -0.012485
0.031777 -0.013099
0.035579 -0.013686
0.039588 -0.014247
0.043801 -0.014781
0.048217 -0.015288
0.052834 -0.015767
0.057649 -0.016219
0.062662 -0.016644
0.067868 -0.017042
0.073267 -0.017414
0.078856 -0.017760
0.084632 -0.018081
0.090592 -0.018378
0.096734 -0.018651
0.103056 -0.018902
0.109554 -0.019131
0.116226 -0.019339
0.123068 -0.019528
0.130078 -0.019698
0.137252 -0.019850
0.144588 -0.019985
0.152081 -0.020105
0.159730 -0.020209
0.167529 -0.020300
0.175476 -0.020378
0.183568 -0.020443
0.191800 -0.020497
0.200169 -0.020541
0.208672 -0.020573
0.217304 -0.020596
0.226062 -0.020610
0.234941 -0.020615
0.243938 -0.020611
0.253049 -0.020598
0.262270 -0.020577
0.271597 -0.020548
0.281025 -0.020511
0.290550 -0.020465
0.300169 -0.020411
0.309876 -0.020349
0.319668 -0.020278
0.329540 -0.020198
0.339488 -0.020110
0.349507 -0.020013
0.359594 -0.019907
0.369742 -0.019792
0.379949 -0.019667
0.390208 -0.019534
0.400517 -0.019392
0.410870 -0.019240
0.421262 -0.019080
0.431690 -0.018910
0.442147 -0.018732
0.452631 -0.018546
0.463136 -0.018352
0.473657 -0.018151
0.484189 -0.017942
0.494729 -0.017726
0.505271 -0.017504
0.515811 -0.017277
0.526343 -0.017044
0.536864 -0.016806
0.547369 -0.016565
0.557853 -0.016320
0.568310 -0.016071
0.578738 -0.015820
0.589130 -0.015567
0.599483 -0.015312
0.609792 -0.015056
0.620051 -0.014799
0.630258 -0.014541
0.640406 -0.014283
0.650493 -0.014024
0.660512 -0.013765
0.670460 -0.013506
0.680332 -0.013247
0.690124 -0.012988
0.699831 -0.012729
0.709450 -0.012469
0.718975 -0.012208
0.728403 -0.011947
0.737730 -0.011684
0.746951 -0.011420
0.756062 -0.011155
0.765059 -0.010887
0.773938 -0.010618
0.782696 -0.010346
0.791328 -0.010071
0.799831 -0.009794
0.808200 -0.009514
0.816432 -0.009230
0.824524 -0.008944
0.832471 -0.008654
0.840270 -0.008361
0.847919 -0.008066
0.855412 -0.007768
0.862748 -0.007467
0.869922 -0.007164
0.876932 -0.006860
0.883774 -0.006555
0.890446 -0.006249
0.896944 -0.005942
0.903266 -0.005637
0.909408 -0.005332
0.915368 -0.005030
0.921144 -0.004730
0.926733 -0.004433
0.932132 -0.004141
0.937338 -0.003853
0.942351 -0.003571
0.947166 -0.003295
0.951783 -0.003027
0.956199 -0.002766
0.960412 -0.002514
0.964421 -0.002271
0.968223 -0.002038
0.971817 -0.001816
0.975201 -0.001604
0.978374 -0.001404
0.981335 -0.001216
0.984081 -0.001040
0.986612 -0.000877
0.988927 -0.000727
0.991025 -0.000590
0.992904 -0.000468
0.994564 -0.000359
0.996004 -0.000264
0.997224 -0.000184
0.998223 -0.000118
0.999000 -0.000066
0.999556 -0.000029
0.999889 -0.000007
1.000000 0.000000
