NACA 0012 optimized
1.000000 0.000000
0.999889 0.000019
0.999556 0.000077
0.999000 0.000173
0.998223 0.000307
0.997224 0.000480
0.996004 0.000690
0.994564 0.000937
0.992904 0.001222
0.991025 0.001543
0.988927 0.001900
0.986612 0.002292
0.984081 0.002720
0.981335 0.003182
0.978374 0.003678
0.975201 0.004206
0.971817 0.004767
0.968223 0.005359
0.964421 0.005982
0.960412 0.006635
0.956199 0.007316
0.951783 0.008026
0.947166 0.008764
0.942351 0.009528
0.937338 0.010318
0.932132 0.011133
0.926733 0.011972
0.921144 0.012834
0.915368 0.013720
0.909408 0.014628
0.903266 0.015557
0.896944 0.016508
0.890446 0.017479
0.883774 0.018470
0.876932 0.019481
0.869922 0.020511
0.862748 0.021561
0.855412 0.022629
0.847919 0.023716
0.840270 0.024821
0.832471 0.025944
0.824524 0.027086
0.816432 0.028246
0.808200 0.029424
0.799831 0.030619
0.791328 0.031833
0.782696 0.033064
0.773938 0.034313
0.765059 0.035580
0.756062 0.036863
0.746951 0.038164
0.737730 0.039481
0.728403 0.040814
0.718975 0.042162
0.709450 0.043525
0.699831 0.044902
0.690124 0.046291
0.680332 0.047692
0.670460 0.049103
0.660512 0.050523
0.650493 0.051950
0.640406 0.053382
0.630258 0.054817
0.620051 0.056254
0.609792 0.057689
0.599483 0.059119
0.589130 0.060543
0.578738 0.061958
0.568310 0.063359
0.557853 0.064745
0.547369 0.066111
0.536864 0.067455
0.526343 0.068773
0.515811 0.070060
0.505271 0.071314
0.494729 0.072531
0.484189 0.073707
0.473657 0.074838
0.463136 0.075920
0.452631 0.076950
0.442147 0.077925
0.431690 0.078840
0.421262 0.079692
0.410870 0.080479
0.400517 0.081196
0.390208 0.081841
0.379949 0.082411
0.369742 0.082903
0.359594 0.083316
0.349507 0.083647
0.339488 0.083895
0.329540 0.084057
0.319668 0.084132
0.309876 0.084120
0.300169 0.084020
0.290550 0.083830
0.281025 0.083552
0.271597 0.083186
0.262270 0.082731
0.253049 0.082188
0.243938 0.081559
0.234941 0.080845
0.226062 0.080048
0.217304 0.079168
0.208672 0.078209
0.200169 0.077173
0.191800 0.076062
0.183568 0.074878
0.175476 0.073626
0.167529 0.072307
0.159730 0.070926
0.152081 0.069485
0.144588 0.067987
0.137252 0.066438
0.130078 0.064839
0.123068 0.063194
0.116226 0.061508
0.109554 0.059784
0.103056 0.058026
0.096734 0.056236
0.090592 0.054419
0.084632 0.052578
0.078856 0.050716
0.073267 0.048837
0.067868 0.046943
0.062662 0.045038
0.057649 0.043124
0.052834 0.041204
0.048217 0.039280
0.043801 0.037354
0.039588 0.035429
0.035579 0.033506
0.031777 0.031586
0.028183 0.029671
0.024799 0.027763
0.021626 0.025861
0.018665 0.023967
0.015919 0.022081
0.013388 0.020203
0.011073 0.018334
0.008975 0.016472
0.007096 0.014619
0.005436 0.012774
0.003996 0.010935
0.002776 0.009103
0.001777 0.007275
0.001000 0.005453
0.000444 0.003633
0.000111 0.001816
0.000000 0.000000
0.000111 -0.000974
0.000444 -0.001946
0.001000 -0.002917
0.001777 -0.003885
0.002776 -0.004849
0.003996 -0.005809
0.005436 -0.006763
0.007096 -0.007711
0.008975 -0.008653
0.011073 -0.009588
0.013388 -0.010515
0.015919 -0.011435
0.018665 -0.012347
0.021626 -0.013250
0.024799 -0.014146
0.028183 -0.015033
0.031777 -0.015912
0.035579 -0.016784
0.039588 -0.017648
0.043801 -0.018505
0.048217 -0.019354
0.052834 -0.020196
0.057649 -0.021031
0.062662 -0.021859
0.067868 -0.022681
0.073267 -0.023495
0.078856 -0.024302
0.084632 -0.025102
0.090592 -0.025893
0.096734 -0.026676
0.103056 -0.027449
0.109554 -0.028212
0.116226 -0.028964
0.123068 -0.029703
0.130078 -0.030429
0.137252 -0.031139
0.144588 -0.031832
0.152081 -0.032506
0.159730 -0.033160
0.167529 -0.033792
0.175476 -0.034399
0.183568 -0.034981
0.191800 -0.035535
0.200169 -0.036059
0.208672 -0.036551
0.217304 -0.037010
0.226062 -0.037434
0.234941 -0.037822
0.243938 -0.038172
0.253049 -0.038483
0.262270 -0.038754
0.271597 -0.038983
0.281025 -0.039172
0.290550 -0.039318
0.300169 -0.039423
0.309876 -0.039485
0.319668 -0.039506
0.329540 -0.039486
0.339488 -0.039425
0.349507 -0.039325
0.359594 -0.039187
0.369742 -0.039011
0.379949 -0.038800
0.390208 -0.038554
0.400517 -0.038277
0.410870 -0.037969
0.421262 -0.037633
0.431690 -0.037270
0.442147 -0.036882
0.452631 -0.036472
0.463136 -0.036042
0.473657 -0.035593
0.484189 -0.035127
0.494729 -0.034647
0.505271 -0.034153
0.515811 -0.033648
0.526343 -0.033133
0.536864 -0.032610
0.547369 -0.032080
0.557853 -0.031544
0.568310 -0.031002
0.578738 -0.030457
0.589130 -0.029908
0.599483 -0.029357
0.609792 -0.028804
0.620051 -0.028249
0.630258 -0.027692
0.640406 -0.027135
0.650493 -0.026576
0.660512 -0.026016
0.670460 -0.025455
0.680332 -0.024893
0.690124 -0.024330
0.699831 -0.023766
0.709450 -0.023200
0.718975 -0.022632
0.728403 -0.022063
0.737730 -0.021492
0.746951 -0.020920
0.756062 -0.020345
0.765059 -0.019769
0.773938 -0.019192
0.782696 -0.018612
0.791328 -0.018032
0.799831 -0.017450
0.808200 -0.016867
0.816432 -0.016284
0.824524 -0.015701
0.832471 -0.015118
0.840270 -0.014536
0.847919 -0.013956
0.855412 -0.013377
0.862748 -0.012801
0.869922 -0.012229
0.876932 -0.011660
0.883774 -0.011096
0.890446 -0.010538
0.896944 -0.009985
0.903266 -0.009440
0.909408 -0.008902
0.915368 -0.008373
0.921144 -0.007854
0.926733 -0.007344
0.932132 -0.006846
0.937338 -0.006359
0.942351 -0.005885
0.947166 -0.005424
0.951783 -0.004977
0.956199 -0.004545
0.960412 -0.004128
0.964421 -0.003728
0.968223 -0.003345
0.971817 -0.002980
0.975201 -0.002633
0.978374 -0.002305
0.981335 -0.001997
0.984081 -0.001709
0.986612 -0.001441
0.988927 -0.001196
0.991025 -0.000972
0.992904 -0.000770
0.994564 -0.000591
0.996004 -0.000435
0.997224 -0.000303
0.998223 -0.000194
0.999000 -0.000109
0.999556 -0.000049
0.999889 -0.000012
1.000000 0.000000
