NACA 2412 optimized
1.000000 0.000000
0.999889 0.000024
0.999556 0.000098
0.999000 0.000220
0.998223 0.000390
0.997224 0.000609
0.996004 0.000875
0.994564 0.001189
0.992904 0.001549
0.991025 0.001956
0.988927 0.002408
0.986612 0.002905
0.984081 0.003446
0.981335 0.004029
0.978374 0.004655
0.975201 0.005322
0.971817 0.006029
0.968223 0.006776
0.964421 0.007560
0.960412 0.008382
0.956199 0.009239
0.951783 0.010131
0.947166 0.011058
0.942351 0.012017
0.937338 0.013007
0.932132 0.014029
0.926733 0.015080
0.921144 0.016160
0.915368 0.017268
0.909408 0.018403
0.903266 0.019564
0.896944 0.020751
0.890446 0.021962
0.883774 0.023198
0.876932 0.024456
0.869922 0.025738
0.862748 0.027042
0.855412 0.028367
0.847919 0.029714
0.840270 0.031083
0.832471 0.032471
0.824524 0.033881
0.816432 0.035311
0.808200 0.036760
0.799831 0.038230
0.791328 0.039719
0.782696 0.041228
0.773938 0.042757
0.765059 0.044304
0.756062 0.045870
0.746951 0.047455
0.737730 0.049059
0.728403 0.050680
0.718975 0.052318
0.709450 0.053973
0.699831 0.055644
0.690124 0.057330
0.680332 0.059030
0.670460 0.060742
0.660512 0.062466
0.650493 0.064199
0.640406 0.065939
0.630258 0.067685
0.620051 0.069434
0.609792 0.071184
0.599483 0.072930
0.589130 0.074671
0.578738 0.076403
0.568310 0.078122
0.557853 0.079825
0.547369 0.081506
0.536864 0.083162
0.526343 0.084789
0.515811 0.086381
0.505271 0.087933
0.494729 0.089440
0.484189 0.090898
0.473657 0.092300
0.463136 0.093642
0.452631 0.094918
0.442147 0.096123
0.431690 0.097252
0.421262 0.098299
0.410870 0.099260
0.400517 0.100129
0.390208 0.100904
0.379949 0.101578
0.369742 0.102148
0.359594 0.102611
0.349507 0.102964
0.339488 0.103203
0.329540 0.103327
0.319668 0.103334
0.309876 0.103221
0.300169 0.102990
0.290550 0.102638
0.281025 0.102167
0.271597 0.101578
0.262270 0.100870
0.253049 0.100047
0.243938 0.099110
0.234941 0.098062
0.226062 0.096907
0.217304 0.095648
0.208672 0.094288
0.200169 0.092833
0.191800 0.091286
0.183568 0.089653
0.175476 0.087940
0.167529 0.086150
0.159730 0.084290
0.152081 0.082366
0.144588 0.080382
0.137252 0.078345
0.130078 0.076260
0.123068 0.074133
0.116226 0.071969
0.109554 0.069773
0.103056 0.067550
0.096734 0.065305
0.090592 0.063043
0.084632 0.060768
0.078856 0.058485
0.073267 0.056195
0.067868 0.053904
0.062662 0.051615
0.057649 0.049329
0.052834 0.047050
0.048217 0.044779
0.043801 0.042519
0.039588 0.040270
0.035579 0.038034
0.031777 0.035813
0.028183 0.033606
0.024799 0.031414
0.021626 0.029237
0.018665 0.027075
0.015919 0.024928
0.013388 0.022794
0.011073 0.020675
0.008975 0.018568
0.007096 0.016474
0.005436 0.014390
0.003996 0.012315
0.002776 0.010250
0.001777 0.008191
0.001000 0.006138
0.000444 0.004090
0.000111 0.002044
0.000000 0.000000
0.000111 -0.000752
0.000444 -0.001505
0.001000 -0.002260
0.001777 -0.003017
0.002776 -0.003778
0.003996 -0.004544
0.005436 -0.005313
0.007096 -0.006088
0.008975 -0.006867
0.011073 -0.007652
0.013388 -0.008440
0.015919 -0.009232
0.018665 -0.010028
0.021626 -0.010824
0.024799 -0.011621
0.028183 -0.012417
0.031777 -0.013209
0.035579 -0.013997
0.039588 -0.014777
0.043801 -0.015548
0.048217 -0.016306
0.052834 -0.017050
0.057649 -0.017778
0.062662 -0.018486
0.067868 -0.019172
0.073267 -0.019834
0.078856 -0.020469
0.084632 -0.021076
0.090592 -0.021652
0.096734 -0.022197
0.103056 -0.022707
0.109554 -0.023182
0.116226 -0.023621
0.123068 -0.024024
0.130078 -0.024388
0.137252 -0.024716
0.144588 -0.025005
0.152081 -0.025258
0.159730 -0.025474
0.167529 -0.025653
0.175476 -0.025799
0.183568 -0.025910
0.191800 -0.025990
0.200169 -0.026038
0.208672 -0.026059
0.217304 -0.026052
0.226062 -0.026019
0.234941 -0.025964
0.243938 -0.025887
0.253049 -0.025791
0.262270 -0.025678
0.271597 -0.025548
0.281025 -0.025405
0.290550 -0.025250
0.300169 -0.025084
0.309876 -0.024909
0.319668 -0.024726
0.329540 -0.024537
0.339488 -0.024342
0.349507 -0.024142
0.359594 -0.023939
0.369742 -0.023732
0.379949 -0.023523
0.390208 -0.023311
0.400517 -0.023098
0.410870 -0.022883
0.421262 -0.022666
0.431690 -0.022448
0.442147 -0.022229
0.452631 -0.022008
0.463136 -0.021787
0.473657 -0.021563
0.484189 -0.021338
0.494729 -0.021112
0.505271 -0.020884
0.515811 -0.020654
0.526343 -0.020423
0.536864 -0.020190
0.547369 -0.019954
0.557853 -0.019717
0.568310 -0.019478
0.578738 -0.019237
0.589130 -0.018994
0.599483 -0.018749
0.609792 -0.018502
0.620051 -0.018252
0.630258 -0.018001
0.640406 -0.017747
0.650493 -0.017490
0.660512 -0.017231
0.670460 -0.016969
0.680332 -0.016704
0.690124 -0.016435
0.699831 -0.016163
0.709450 -0.015886
0.718975 -0.015605
0.728403 -0.015320
0.737730 -0.015029
0.746951 -0.014733
0.756062 -0.014431
0.765059 -0.014122
0.773938 -0.013808
0.782696 -0.013486
0.791328 -0.013157
0.799831 -0.012822
0.808200 -0.012478
0.816432 -0.012128
0.824524 -0.011770
0.832471 -0.011406
0.840270 -0.011034
0.847919 -0.010656
0.855412 -0.010272
0.862748 -0.009882
0.869922 -0.009488
0.876932 -0.009089
0.883774 -0.008687
0.890446 -0.008283
0.896944 -0.007877
0.903266 -0.007471
0.909408 -0.007066
0.915368 -0.006662
0.921144 -0.006261
0.926733 -0.005865
0.932132 -0.005474
0.937338 -0.005089
0.942351 -0.004712
0.947166 -0.004343
0.951783 -0.003985
0.956199 -0.003637
0.960412 -0.003302
0.964421 -0.002979
0.968223 -0.002669
0.971817 -0.002374
0.975201 -0.002095
0.978374 -0.001831
0.981335 -0.001583
0.984081 -0.001352
0.986612 -0.001139
0.988927 -0.000943
0.991025 -0.000765
0.992904 -0.000605
0.994564 -0.000464
0.996004 -0.000341
0.997224 -0.000237
0.998223 -0.000152
0.999000 -0.000085
0.999556 -0.000038
0.999889 -0.000009
1.000000 0.000000
