NACA 2412 optimized
1.000000 0.000000
0.999889 0.000023
0.999556 0.000092
0.999000 0.000206
0.998223 0.000365
0.997224 0.000570
0.996004 0.000820
0.994564 0.001114
0.992904 0.001453
0.991025 0.001834
0.988927 0.002259
0.986612 0.002726
0.984081 0.003235
0.981335 0.003785
0.978374 0.004376
0.975201 0.005006
0.971817 0.005676
0.968223 0.006384
0.964421 0.007130
0.960412 0.007912
0.956199 0.008732
0.951783 0.009587
0.947166 0.010477
0.942351 0.011402
0.937338 0.012361
0.932132 0.013353
0.926733 0.014379
0.921144 0.015437
0.915368 0.016527
0.909408 0.017649
0.903266 0.018802
0.896944 0.019986
0.890446 0.021201
0.883774 0.022446
0.876932 0.023721
0.869922 0.025025
0.862748 0.026359
0.855412 0.027721
0.847919 0.029112
0.840270 0.030531
0.832471 0.031978
0.824524 0.033452
0.816432 0.034953
0.808200 0.036480
0.799831 0.038033
0.791328 0.039611
0.782696 0.041213
0.773938 0.042839
0.765059 0.044488
0.756062 0.046159
0.746951 0.047850
0.737730 0.049562
0.728403 0.051292
0.718975 0.053039
0.709450 0.054801
0.699831 0.056578
0.690124 0.058368
0.680332 0.060168
0.670460 0.061976
0.660512 0.063791
0.650493 0.065609
0.640406 0.067429
0.630258 0.069248
0.620051 0.071063
0.609792 0.072870
0.599483 0.074666
0.589130 0.076448
0.578738 0.078213
0.568310 0.079956
0.557853 0.081673
0.547369 0.083360
0.536864 0.085013
0.526343 0.086627
0.515811 0.088198
0.505271 0.089720
0.494729 0.091190
0.484189 0.092601
0.473657 0.093950
0.463136 0.095231
0.452631 0.096439
0.442147 0.097570
0.431690 0.098618
0.421262 0.099579
0.410870 0.100449
0.400517 0.101223
0.390208 0.101897
0.379949 0.102468
0.369742 0.102932
0.359594 0.103285
0.349507 0.103526
0.339488 0.103651
0.329540 0.103659
0.319668 0.103549
0.309876 0.103319
0.300169 0.102968
0.290550 0.102498
0.281025 0.101908
0.271597 0.101199
0.262270 0.100373
0.253049 0.099432
0.243938 0.098378
0.234941 0.097214
0.226062 0.095944
0.217304 0.094572
0.208672 0.093101
0.200169 0.091536
0.191800 0.089883
0.183568 0.088146
0.175476 0.086331
0.167529 0.084443
0.159730 0.082488
0.152081 0.080473
0.144588 0.078402
0.137252 0.076283
0.130078 0.074121
0.123068 0.071921
0.116226 0.069690
0.109554 0.067434
0.103056 0.065157
0.096734 0.062865
0.090592 0.060563
0.084632 0.058256
0.078856 0.055947
0.073267 0.053642
0.067868 0.051343
0.062662 0.049054
0.057649 0.046779
0.052834 0.044519
0.048217 0.042277
0.043801 0.040055
0.039588 0.037854
0.035579 0.035676
0.031777 0.033522
0.028183 0.031391
0.024799 0.029285
0.021626 0.027203
0.018665 0.025145
0.015919 0.023110
0.013388 0.021098
0.011073 0.019106
0.008975 0.017135
0.007096 0.015182
0.005436 0.013246
0.003996 0.011325
0.002776 0.009417
0.001777 0.007520
0.001000 0.005632
0.000444 0.003751
0.000111 0.001874
0.000000 0.000000
0.000111 -0.000886
0.000444 -0.001769
0.001000 -0.002648
0.001777 -0.003521
0.002776 -0.004384
0.003996 -0.005236
0.005436 -0.006075
0.007096 -0.006898
0.008975 -0.007705
0.011073 -0.008492
0.013388 -0.009259
0.015919 -0.010005
0.018665 -0.010726
0.021626 -0.011424
0.024799 -0.012095
0.028183 -0.012741
0.031777 -0.013359
0.035579 -0.013949
0.039588 -0.014511
0.043801 -0.015045
0.048217 -0.015550
0.052834 -0.016027
0.057649 -0.016476
0.062662 -0.016897
0.067868 -0.017290
0.073267 -0.017657
0.078856 -0.017998
0.084632 -0.018314
0.090592 -0.018606
0.096734 -0.018875
0.103056 -0.019121
0.109554 -0.019346
0.116226 -0.019552
0.123068 -0.019739
0.130078 -0.019908
0.137252 -0.020061
0.144588 -0.020198
0.152081 -0.020322
0.159730 -0.020431
0.167529 -0.020529
0.175476 -0.020615
0.183568 -0.020691
0.191800 -0.020757
0.200169 -0.020814
0.208672 -0.020862
0.217304 -0.020901
0.226062 -0.020933
0.234941 -0.020958
0.243938 -0.020975
0.253049 -0.020984
0.262270 -0.020986
0.271597 -0.020981
0.281025 -0.020968
0.290550 -0.020947
0.300169 -0.020918
0.309876 -0.020881
0.319668 -0.020834
0.329540 -0.020779
0.339488 -0.020713
0.349507 -0.020637
0.359594 -0.020551
0.369742 -0.020454
0.379949 -0.020346
0.390208 -0.020225
0.400517 -0.020093
0.410870 -0.019949
0.421262 -0.019793
0.431690 -0.019624
0.442147 -0.019443
0.452631 -0.019249
0.463136 -0.019043
0.473657 -0.018825
0.484189 -0.018595
0.494729 -0.018354
0.505271 -0.018101
0.515811 -0.017838
0.526343 -0.017565
0.536864 -0.017283
0.547369 -0.016991
0.557853 -0.016692
0.568310 -0.016385
0.578738 -0.016072
0.589130 -0.015752
0.599483 -0.015427
0.609792 -0.015098
0.620051 -0.014765
0.630258 -0.014429
0.640406 -0.014090
0.650493 -0.013750
0.660512 -0.013409
0.670460 -0.013067
0.680332 -0.012726
0.690124 -0.012385
0.699831 -0.012045
0.709450 -0.011706
0.718975 -0.011370
0.728403 -0.011035
0.737730 -0.010703
0.746951 -0.010373
0.756062 -0.010046
0.765059 -0.009722
0.773938 -0.009401
0.782696 -0.009083
0.791328 -0.008768
0.799831 -0.008456
0.808200 -0.008147
0.816432 -0.007842
0.824524 -0.007540
0.832471 -0.007241
0.840270 -0.006945
0.847919 -0.006653
0.855412 -0.006364
0.862748 -0.006079
0.869922 -0.005797
0.876932 -0.005518
0.883774 -0.005244
0.890446 -0.004973
0.896944 -0.004707
0.903266 -0.004444
0.909408 -0.004187
0.915368 -0.003934
0.921144 -0.003686
0.926733 -0.003444
0.932132 -0.003207
0.937338 -0.002976
0.942351 -0.002752
0.947166 -0.002534
0.951783 -0.002323
0.956199 -0.002120
0.960412 -0.001924
0.964421 -0.001736
0.968223 -0.001556
0.971817 -0.001385
0.975201 -0.001222
0.978374 -0.001069
0.981335 -0.000925
0.984081 -0.000791
0.986612 -0.000667
0.988927 -0.000553
0.991025 -0.000449
0.992904 -0.000356
0.994564 -0.000273
0.996004 -0.000201
0.997224 -0.000140
0.998223 -0.000089
0.999000 -0.000050
0.999556 -0.000022
0.999889 -0.000006
1.000000 0.000000
