NACA 0015 optimized
1.000000 0.000000
0.999889 0.000021
0.999556 0.000086
0.999000 0.000192
0.998223 0.000342
0.997224 0.000534
0.996004 0.000768
0.994564 0.001045
0.992904 0.001363
0.991025 0.001723
0.988927 0.002124
0.986612 0.002566
0.984081 0.003049
0.981335 0.003571
0.978374 0.004133
0.975201 0.004734
0.971817 0.005374
0.968223 0.006051
0.964421 0.006765
0.960412 0.007515
0.956199 0.008301
0.951783 0.009122
0.947166 0.009976
0.942351 0.010864
0.937338 0.011784
0.932132 0.012736
0.926733 0.013718
0.921144 0.014729
0.915368 0.015770
0.909408 0.016839
0.903266 0.017934
0.896944 0.019056
0.890446 0.020204
0.883774 0.021377
0.876932 0.022574
0.869922 0.023795
0.862748 0.025038
0.855412 0.026305
0.847919 0.027594
0.840270 0.028904
0.832471 0.030236
0.824524 0.031588
0.816432 0.032962
0.808200 0.034357
0.799831 0.035771
0.791328 0.037206
0.782696 0.038661
0.773938 0.040136
0.765059 0.041631
0.756062 0.043144
0.746951 0.044677
0.737730 0.046229
0.728403 0.047799
0.718975 0.049386
0.709450 0.050991
0.699831 0.052612
0.690124 0.054247
0.680332 0.055897
0.670460 0.057560
0.660512 0.059234
0.650493 0.060917
0.640406 0.062607
0.630258 0.064303
0.620051 0.066002
0.609792 0.067702
0.599483 0.069398
0.589130 0.071089
0.578738 0.072771
0.568310 0.074441
0.557853 0.076095
0.547369 0.077728
0.536864 0.079338
0.526343 0.080919
0.515811 0.082467
0.505271 0.083979
0.494729 0.085448
0.484189 0.086871
0.473657 0.088244
0.463136 0.089561
0.452631 0.090818
0.442147 0.092010
0.431690 0.093133
0.421262 0.094182
0.410870 0.095154
0.400517 0.096045
0.390208 0.096850
0.379949 0.097566
0.369742 0.098190
0.359594 0.098719
0.349507 0.099150
0.339488 0.099481
0.329540 0.099710
0.319668 0.099835
0.309876 0.099855
0.300169 0.099769
0.290550 0.099577
0.281025 0.099278
0.271597 0.098872
0.262270 0.098361
0.253049 0.097745
0.243938 0.097025
0.234941 0.096204
0.226062 0.095283
0.217304 0.094264
0.208672 0.093151
0.200169 0.091945
0.191800 0.090651
0.183568 0.089271
0.175476 0.087809
0.167529 0.086270
0.159730 0.084655
0.152081 0.082971
0.144588 0.081220
0.137252 0.079408
0.130078 0.077537
0.123068 0.075613
0.116226 0.073639
0.109554 0.071620
0.103056 0.069560
0.096734 0.067462
0.090592 0.065331
0.084632 0.063170
0.078856 0.060983
0.073267 0.058774
0.067868 0.056545
0.062662 0.054300
0.057649 0.052042
0.052834 0.049773
0.048217 0.047496
0.043801 0.045213
0.039588 0.042926
0.035579 0.040638
0.031777 0.038348
0.028183 0.036060
0.024799 0.033774
0.021626 0.031491
0.018665 0.029213
0.015919 0.026938
0.013388 0.024669
0.011073 0.022405
0.008975 0.020146
0.007096 0.017892
0.005436 0.015643
0.003996 0.013399
0.002776 0.011159
0.001777 0.008923
0.001000 0.006689
0.000444 0.004458
0.000111 0.002229
0.000000 0.000000
0.000111 -0.001428
0.000444 -0.002853
0.001000 -0.004275
0.001777 -0.005690
0.002776 -0.007097
0.003996 -0.008493
0.005436 -0.009878
0.007096 -0.011248
0.008975 -0.012603
0.011073 -0.013940
0.013388 -0.015259
0.015919 -0.016557
0.018665 -0.017834
0.021626 -0.019088
0.024799 -0.020319
0.028183 -0.021525
0.031777 -0.022706
0.035579 -0.023862
0.039588 -0.024992
0.043801 -0.026096
0.048217 -0.027174
0.052834 -0.028226
0.057649 -0.029251
0.062662 -0.030252
0.067868 -0.031227
0.073267 -0.032178
0.078856 -0.033104
0.084632 -0.034008
0.090592 -0.034889
0.096734 -0.035748
0.103056 -0.036586
0.109554 -0.037405
0.116226 -0.038204
0.123068 -0.038984
0.130078 -0.039746
0.137252 -0.040492
0.144588 -0.041220
0.152081 -0.041932
0.159730 -0.042628
0.167529 -0.043309
0.175476 -0.043974
0.183568 -0.044623
0.191800 -0.045256
0.200169 -0.045872
0.208672 -0.046472
0.217304 -0.047054
0.226062 -0.047617
0.234941 -0.048162
0.243938 -0.048686
0.253049 -0.049188
0.262270 -0.049667
0.271597 -0.050122
0.281025 -0.050550
0.290550 -0.050952
0.300169 -0.051325
0.309876 -0.051667
0.319668 -0.051978
0.329540 -0.052255
0.339488 -0.052497
0.349507 -0.052703
0.359594 -0.052871
0.369742 -0.053001
0.379949 -0.053092
0.390208 -0.053142
0.400517 -0.053151
0.410870 -0.053118
0.421262 -0.053043
0.431690 -0.052927
0.442147 -0.052768
0.452631 -0.052568
0.463136 -0.052326
0.473657 -0.052044
0.484189 -0.051722
0.494729 -0.051360
0.505271 -0.050961
0.515811 -0.050525
0.526343 -0.050053
0.536864 -0.049548
0.547369 -0.049010
0.557853 -0.048441
0.568310 -0.047843
0.578738 -0.047217
0.589130 -0.046565
0.599483 -0.045889
0.609792 -0.045189
0.620051 -0.044469
0.630258 -0.043728
0.640406 -0.042969
0.650493 -0.042193
0.660512 -0.041402
0.670460 -0.040595
0.680332 -0.039775
0.690124 -0.038943
0.699831 -0.038098
0.709450 -0.037243
0.718975 -0.036378
0.728403 -0.035503
0.737730 -0.034620
0.746951 -0.033728
0.756062 -0.032829
0.765059 -0.031923
0.773938 -0.031010
0.782696 -0.030091
0.791328 -0.029167
0.799831 -0.028237
0.808200 -0.027304
0.816432 -0.026367
0.824524 -0.025428
0.832471 -0.024486
0.840270 -0.023544
0.847919 -0.022601
0.855412 -0.021660
0.862748 -0.020721
0.869922 -0.019785
0.876932 -0.018855
0.883774 -0.017931
0.890446 -0.017014
0.896944 -0.016106
0.903266 -0.015210
0.909408 -0.014325
0.915368 -0.013455
0.921144 -0.012600
0.926733 -0.011763
0.932132 -0.010944
0.937338 -0.010146
0.942351 -0.009370
0.947166 -0.008617
0.951783 -0.007888
0.956199 -0.007186
0.960412 -0.006512
0.964421 -0.005866
0.968223 -0.005250
0.971817 -0.004665
0.975201 -0.004111
0.978374 -0.003590
0.981335 -0.003102
0.984081 -0.002648
0.986612 -0.002229
0.988927 -0.001845
0.991025 -0.001496
0.992904 -0.001184
0.994564 -0.000907
0.996004 -0.000667
0.997224 -0.000463
0.998223 -0.000297
0.999000 -0.000167
0.999556 -0.000074
0.999889 -0.000019
1.000000 0.000000
