NACA 2412 optimized
1.000000 0.000000
0.999889 0.000023
0.999556 0.000092
0.999000 0.000206
0.998223 0.000366
0.997224 0.000571
0.996004 0.000822
0.994564 0.001118
0.992904 0.001458
0.991025 0.001843
0.988927 0.002272
0.986612 0.002745
0.984081 0.003260
0.981335 0.003819
0.978374 0.004419
0.975201 0.005062
0.971817 0.005744
0.968223 0.006467
0.964421 0.007229
0.960412 0.008030
0.956199 0.008868
0.951783 0.009742
0.947166 0.010653
0.942351 0.011597
0.937338 0.012576
0.932132 0.013587
0.926733 0.014629
0.921144 0.015702
0.915368 0.016803
0.909408 0.017934
0.903266 0.019091
0.896944 0.020274
0.890446 0.021483
0.883774 0.022715
0.876932 0.023971
0.869922 0.025250
0.862748 0.026550
0.855412 0.027871
0.847919 0.029212
0.840270 0.030573
0.832471 0.031953
0.824524 0.033352
0.816432 0.034769
0.808200 0.036205
0.799831 0.037659
0.791328 0.039131
0.782696 0.040621
0.773938 0.042128
0.765059 0.043653
0.756062 0.045196
0.746951 0.046757
0.737730 0.048335
0.728403 0.049931
0.718975 0.051543
0.709450 0.053173
0.699831 0.054819
0.690124 0.056481
0.680332 0.058158
0.670460 0.059850
0.660512 0.061554
0.650493 0.063270
0.640406 0.064996
0.630258 0.066730
0.620051 0.068470
0.609792 0.070214
0.599483 0.071958
0.589130 0.073700
0.578738 0.075436
0.568310 0.077163
0.557853 0.078876
0.547369 0.080572
0.536864 0.082245
0.526343 0.083892
0.515811 0.085506
0.505271 0.087084
0.494729 0.088619
0.484189 0.090107
0.473657 0.091540
0.463136 0.092915
0.452631 0.094225
0.442147 0.095465
0.431690 0.096628
0.421262 0.097711
0.410870 0.098707
0.400517 0.099611
0.390208 0.100419
0.379949 0.101126
0.369742 0.101728
0.359594 0.102222
0.349507 0.102604
0.339488 0.102870
0.329540 0.103020
0.319668 0.103050
0.309876 0.102960
0.300169 0.102749
0.290550 0.102416
0.281025 0.101962
0.271597 0.101387
0.262270 0.100693
0.253049 0.099882
0.243938 0.098956
0.234941 0.097917
0.226062 0.096770
0.217304 0.095518
0.208672 0.094165
0.200169 0.092715
0.191800 0.091173
0.183568 0.089545
0.175476 0.087836
0.167529 0.086050
0.159730 0.084194
0.152081 0.082274
0.144588 0.080294
0.137252 0.078261
0.130078 0.076180
0.123068 0.074057
0.116226 0.071898
0.109554 0.069706
0.103056 0.067488
0.096734 0.065249
0.090592 0.062992
0.084632 0.060722
0.078856 0.058444
0.073267 0.056160
0.067868 0.053874
0.062662 0.051590
0.057649 0.049309
0.052834 0.047035
0.048217 0.044769
0.043801 0.042513
0.039588 0.040269
0.035579 0.038037
0.031777 0.035819
0.028183 0.033615
0.024799 0.031425
0.021626 0.029250
0.018665 0.027090
0.015919 0.024944
0.013388 0.022811
0.011073 0.020692
0.008975 0.018585
0.007096 0.016489
0.005436 0.014404
0.003996 0.012329
0.002776 0.010261
0.001777 0.008200
0.001000 0.006145
0.000444 0.004095
0.000111 0.002047
0.000000 0.000000
0.000111 -0.000886
0.000444 -0.001770
0.001000 -0.002649
0.001777 -0.003521
0.002776 -0.004385
0.003996 -0.005237
0.005436 -0.006077
0.007096 -0.006901
0.008975 -0.007708
0.011073 -0.008497
0.013388 -0.009264
0.015919 -0.010010
0.018665 -0.010732
0.021626 -0.011428
0.024799 -0.012099
0.028183 -0.012741
0.031777 -0.013356
0.035579 -0.013941
0.039588 -0.014496
0.043801 -0.015021
0.048217 -0.015515
0.052834 -0.015979
0.057649 -0.016411
0.062662 -0.016813
0.067868 -0.017184
0.073267 -0.017525
0.078856 -0.017837
0.084632 -0.018121
0.090592 -0.018376
0.096734 -0.018605
0.103056 -0.018808
0.109554 -0.018986
0.116226 -0.019141
0.123068 -0.019274
0.130078 -0.019387
0.137252 -0.019480
0.144588 -0.019555
0.152081 -0.019615
0.159730 -0.019659
0.167529 -0.019690
0.175476 -0.019709
0.183568 -0.019718
0.191800 -0.019717
0.200169 -0.019708
0.208672 -0.019693
0.217304 -0.019671
0.226062 -0.019645
0.234941 -0.019615
0.243938 -0.019583
0.253049 -0.019547
0.262270 -0.019510
0.271597 -0.019472
0.281025 -0.019433
0.290550 -0.019394
0.300169 -0.019354
0.309876 -0.019313
0.319668 -0.019273
0.329540 -0.019232
0.339488 -0.019190
0.349507 -0.019148
0.359594 -0.019105
0.369742 -0.019060
0.379949 -0.019014
0.390208 -0.018966
0.400517 -0.018915
0.410870 -0.018861
0.421262 -0.018804
0.431690 -0.018743
0.442147 -0.018678
0.452631 -0.018609
0.463136 -0.018534
0.473657 -0.018455
0.484189 -0.018369
0.494729 -0.018278
0.505271 -0.018181
0.515811 -0.018077
0.526343 -0.017966
0.536864 -0.017849
0.547369 -0.017725
0.557853 -0.017594
0.568310 -0.017455
0.578738 -0.017309
0.589130 -0.017156
0.599483 -0.016996
0.609792 -0.016828
0.620051 -0.016652
0.630258 -0.016469
0.640406 -0.016278
0.650493 -0.016080
0.660512 -0.015874
0.670460 -0.015660
0.680332 -0.015439
0.690124 -0.015209
0.699831 -0.014972
0.709450 -0.014726
0.718975 -0.014473
0.728403 -0.014212
0.737730 -0.013943
0.746951 -0.013666
0.756062 -0.013380
0.765059 -0.013087
0.773938 -0.012787
0.782696 -0.012478
0.791328 -0.012162
0.799831 -0.011839
0.808200 -0.011508
0.816432 -0.011171
0.824524 -0.010828
0.832471 -0.010478
0.840270 -0.010124
0.847919 -0.009764
0.855412 -0.009400
0.862748 -0.009032
0.869922 -0.008661
0.876932 -0.008288
0.883774 -0.007913
0.890446 -0.007538
0.896944 -0.007163
0.903266 -0.006789
0.909408 -0.006416
0.915368 -0.006047
0.921144 -0.005681
0.926733 -0.005320
0.932132 -0.004965
0.937338 -0.004616
0.942351 -0.004275
0.947166 -0.003942
0.951783 -0.003618
0.956199 -0.003304
0.960412 -0.003001
0.964421 -0.002710
0.968223 -0.002430
0.971817 -0.002164
0.975201 -0.001911
0.978374 -0.001671
0.981335 -0.001447
0.984081 -0.001237
0.986612 -0.001043
0.988927 -0.000864
0.991025 -0.000702
0.992904 -0.000556
0.994564 -0.000426
0.996004 -0.000314
0.997224 -0.000218
0.998223 -0.000140
0.999000 -0.000079
0.999556 -0.000035
0.999889 -0.000009
1.000000 0.000000
