NACA 0009 optimized
1.000000 0.000000
0.999889 0.000015
0.999556 0.000060
0.999000 0.000136
0.998223 0.000242
0.997224 0.000377
0.996004 0.000543
0.994564 0.000738
0.992904 0.000963
0.991025 0.001218
0.988927 0.001502
0.986612 0.001814
0.984081 0.002156
0.981335 0.002526
0.978374 0.002924
0.975201 0.003350
0.971817 0.003803
0.968223 0.004283
0.964421 0.004789
0.960412 0.005321
0.956199 0.005879
0.951783 0.006461
0.947166 0.007067
0.942351 0.007696
0.937338 0.008349
0.932132 0.009023
0.926733 0.009719
0.921144 0.010436
0.915368 0.011173
0.909408 0.011929
0.903266 0.012704
0.896944 0.013498
0.890446 0.014308
0.883774 0.015136
0.876932 0.015980
0.869922 0.016840
0.862748 0.017715
0.855412 0.018605
0.847919 0.019510
0.840270 0.020428
0.832471 0.021361
0.824524 0.022307
0.816432 0.023266
0.808200 0.024238
0.799831 0.025223
0.791328 0.026221
0.782696 0.027231
0.773938 0.028253
0.765059 0.029287
0.756062 0.030333
0.746951 0.031391
0.737730 0.032460
0.728403 0.033540
0.718975 0.034630
0.709450 0.035730
0.699831 0.036840
0.690124 0.037959
0.680332 0.039086
0.670460 0.040221
0.660512 0.041362
0.650493 0.042508
0.640406 0.043658
0.630258 0.044810
0.620051 0.045964
0.609792 0.047117
0.599483 0.048269
0.589130 0.049416
0.578738 0.050557
0.568310 0.051690
0.557853 0.052813
0.547369 0.053922
0.536864 0.055017
0.526343 0.056094
0.515811 0.057151
0.505271 0.058185
0.494729 0.059193
0.484189 0.060174
0.473657 0.061123
0.463136 0.062039
0.452631 0.062918
0.442147 0.063759
0.431690 0.064558
0.421262 0.065313
0.410870 0.066022
0.400517 0.066681
0.390208 0.067290
0.379949 0.067846
0.369742 0.068347
0.359594 0.068791
0.349507 0.069176
0.339488 0.069501
0.329540 0.069765
0.319668 0.069966
0.309876 0.070103
0.300169 0.070176
0.290550 0.070184
0.281025 0.070126
0.271597 0.070002
0.262270 0.069811
0.253049 0.069555
0.243938 0.069232
0.234941 0.068844
0.226062 0.068390
0.217304 0.067872
0.208672 0.067291
0.200169 0.066646
0.191800 0.065940
0.183568 0.065173
0.175476 0.064347
0.167529 0.063462
0.159730 0.062522
0.152081 0.061526
0.144588 0.060477
0.137252 0.059376
0.130078 0.058225
0.123068 0.057026
0.116226 0.055781
0.109554 0.054492
0.103056 0.053159
0.096734 0.051786
0.090592 0.050375
0.084632 0.048926
0.078856 0.047442
0.073267 0.045925
0.067868 0.044377
0.062662 0.042800
0.057649 0.041195
0.052834 0.039564
0.048217 0.037908
0.043801 0.036231
0.039588 0.034532
0.035579 0.032814
0.031777 0.031078
0.028183 0.029325
0.024799 0.027558
0.021626 0.025777
0.018665 0.023983
0.015919 0.022178
0.013388 0.020363
0.011073 0.018539
0.008975 0.016706
0.007096 0.014867
0.005436 0.013022
0.003996 0.011171
0.002776 0.009316
0.001777 0.007457
0.001000 0.005595
0.000444 0.003731
0.000111 0.001866
0.000000 0.000000
0.000111 -0.000625
0.000444 -0.001249
0.001000 -0.001872
0.001777 -0.002494
0.002776 -0.003114
0.003996 -0.003732
0.005436 -0.004348
0.007096 -0.004960
0.008975 -0.005568
0.011073 -0.006172
0.013388 -0.006771
0.015919 -0.007365
0.018665 -0.007952
0.021626 -0.008534
0.024799 -0.009108
0.028183 -0.009675
0.031777 -0.010233
0.035579 -0.010783
0.039588 -0.011323
0.043801 -0.011853
0.048217 -0.012374
0.052834 -0.012883
0.057649 -0.013381
0.062662 -0.013868
0.067868 -0.014343
0.073267 -0.014806
0.078856 -0.015257
0.084632 -0.015696
0.090592 -0.016122
0.096734 -0.016535
0.103056 -0.016937
0.109554 -0.017325
0.116226 -0.017702
0.123068 -0.018067
0.130078 -0.018420
0.137252 -0.018761
0.144588 -0.019092
0.152081 -0.019411
0.159730 -0.019720
0.167529 -0.020019
0.175476 -0.020307
0.183568 -0.020586
0.191800 -0.020856
0.200169 -0.021117
0.208672 -0.021368
0.217304 -0.021611
0.226062 -0.021845
0.234941 -0.022071
0.243938 -0.022287
0.253049 -0.022495
0.262270 -0.022695
0.271597 -0.022885
0.281025 -0.023065
0.290550 -0.023237
0.300169 -0.023398
0.309876 -0.023549
0.319668 -0.023689
0.329540 -0.023818
0.339488 -0.023936
0.349507 -0.024041
0.359594 -0.024134
0.369742 -0.024213
0.379949 -0.024280
0.390208 -0.024332
0.400517 -0.024370
0.410870 -0.024394
0.421262 -0.024403
0.431690 -0.024396
0.442147 -0.024375
0.452631 -0.024338
0.463136 -0.024285
0.473657 -0.024217
0.484189 -0.024134
0.494729 -0.024036
0.505271 -0.023922
0.515811 -0.023794
0.526343 -0.023651
0.536864 -0.023494
0.547369 -0.023323
0.557853 -0.023139
0.568310 -0.022941
0.578738 -0.022731
0.589130 -0.022508
0.599483 -0.022274
0.609792 -0.022027
0.620051 -0.021770
0.630258 -0.021502
0.640406 -0.021223
0.650493 -0.020934
0.660512 -0.020635
0.670460 -0.020326
0.680332 -0.020007
0.690124 -0.019679
0.699831 -0.019341
0.709450 -0.018994
0.718975 -0.018638
0.728403 -0.018273
0.737730 -0.017898
0.746951 -0.017515
0.756062 -0.017123
0.765059 -0.016722
0.773938 -0.016312
0.782696 -0.015893
0.791328 -0.015467
0.799831 -0.015032
0.808200 -0.014590
0.816432 -0.014140
0.824524 -0.013684
0.832471 -0.013221
0.840270 -0.012753
0.847919 -0.012279
0.855412 -0.011801
0.862748 -0.011320
0.869922 -0.010837
0.876932 -0.010351
0.883774 -0.009866
0.890446 -0.009380
0.896944 -0.008897
0.903266 -0.008416
0.909408 -0.007939
0.915368 -0.007467
0.921144 -0.007001
0.926733 -0.006543
0.932132 -0.006094
0.937338 -0.005654
0.942351 -0.005225
0.947166 -0.004808
0.951783 -0.004403
0.956199 -0.004013
0.960412 -0.003637
0.964421 -0.003277
0.968223 -0.002933
0.971817 -0.002606
0.975201 -0.002297
0.978374 -0.002005
0.981335 -0.001733
0.984081 -0.001479
0.986612 -0.001245
0.988927 -0.001030
0.991025 -0.000835
0.992904 -0.000660
0.994564 -0.000506
0.996004 -0.000372
0.997224 -0.000258
0.998223 -0.000165
0.999000 -0.000093
0.999556 -0.000041
0.999889 -0.000010
1.000000 0.000000
