NACA 2412 optimized
1.000000 0.000000
0.999889 0.000023
0.999556 0.000092
0.999000 0.000206
0.998223 0.000367
0.997224 0.000572
0.996004 0.000824
0.994564 0.001120
0.992904 0.001461
0.991025 0.001847
0.988927 0.002277
0.986612 0.002751
0.984081 0.003268
0.981335 0.003828
0.978374 0.004429
0.975201 0.005072
0.971817 0.005754
0.968223 0.006477
0.964421 0.007237
0.960412 0.008034
0.956199 0.008867
0.951783 0.009734
0.947166 0.010634
0.942351 0.011565
0.937338 0.012526
0.932132 0.013514
0.926733 0.014528
0.921144 0.015566
0.915368 0.016626
0.909408 0.017705
0.903266 0.018802
0.896944 0.019914
0.890446 0.021040
0.883774 0.022176
0.876932 0.023321
0.869922 0.024474
0.862748 0.025630
0.855412 0.026790
0.847919 0.027950
0.840270 0.029108
0.832471 0.030265
0.824524 0.031416
0.816432 0.032562
0.808200 0.033701
0.799831 0.034831
0.791328 0.035953
0.782696 0.037064
0.773938 0.038165
0.765059 0.039255
0.756062 0.040333
0.746951 0.041401
0.737730 0.042457
0.728403 0.043502
0.718975 0.044537
0.709450 0.045562
0.699831 0.046578
0.690124 0.047585
0.680332 0.048585
0.670460 0.049578
0.660512 0.050566
0.650493 0.051549
0.640406 0.052529
0.630258 0.053506
0.620051 0.054481
0.609792 0.055455
0.599483 0.056429
0.589130 0.057404
0.578738 0.058379
0.568310 0.059355
0.557853 0.060333
0.547369 0.061311
0.536864 0.062290
0.526343 0.063270
0.515811 0.064248
0.505271 0.065225
0.494729 0.066199
0.484189 0.067168
0.473657 0.068131
0.463136 0.069085
0.452631 0.070028
0.442147 0.070959
0.431690 0.071873
0.421262 0.072769
0.410870 0.073642
0.400517 0.074491
0.390208 0.075311
0.379949 0.076100
0.369742 0.076854
0.359594 0.077568
0.349507 0.078241
0.339488 0.078868
0.329540 0.079446
0.319668 0.079971
0.309876 0.080440
0.300169 0.080850
0.290550 0.081198
0.281025 0.081481
0.271597 0.081696
0.262270 0.081841
0.253049 0.081914
0.243938 0.081911
0.234941 0.081833
0.226062 0.081676
0.217304 0.081439
0.208672 0.081123
0.200169 0.080724
0.191800 0.080244
0.183568 0.079682
0.175476 0.079037
0.167529 0.078310
0.159730 0.077502
0.152081 0.076612
0.144588 0.075641
0.137252 0.074591
0.130078 0.073463
0.123068 0.072258
0.116226 0.070977
0.109554 0.069623
0.103056 0.068196
0.096734 0.066699
0.090592 0.065133
0.084632 0.063502
0.078856 0.061805
0.073267 0.060047
0.067868 0.058229
0.062662 0.056353
0.057649 0.054421
0.052834 0.052437
0.048217 0.050401
0.043801 0.048317
0.039588 0.046186
0.035579 0.044012
0.031777 0.041796
0.028183 0.039540
0.024799 0.037248
0.021626 0.034921
0.018665 0.032562
0.015919 0.030173
0.013388 0.027756
0.011073 0.025313
0.008975 0.022848
0.007096 0.020361
0.005436 0.017857
0.003996 0.015336
0.002776 0.012801
0.001777 0.010255
0.001000 0.007699
0.000444 0.005137
0.000111 0.002569
0.000000 0.000000
0.000111 -0.001266
0.000444 -0.002530
0.001000 -0.003787
0.001777 -0.005034
0.002776 -0.006270
0.003996 -0.007490
0.005436 -0.008693
0.007096 -0.009876
0.008975 -0.011036
0.011073 -0.012173
0.013388 -0.013284
0.015919 -0.014367
0.018665 -0.015423
0.021626 -0.016450
0.024799 -0.017448
0.028183 -0.018416
0.031777 -0.019354
0.035579 -0.020264
0.039588 -0.021145
0.043801 -0.021999
0.048217 -0.022826
0.052834 -0.023627
0.057649 -0.024403
0.062662 -0.025157
0.067868 -0.025888
0.073267 -0.026599
0.078856 -0.027290
0.084632 -0.027964
0.090592 -0.028620
0.096734 -0.029261
0.103056 -0.029886
0.109554 -0.030497
0.116226 -0.031094
0.123068 -0.031677
0.130078 -0.032246
0.137252 -0.032801
0.144588 -0.033343
0.152081 -0.033869
0.159730 -0.034380
0.167529 -0.034874
0.175476 -0.035350
0.183568 -0.035807
0.191800 -0.036242
0.200169 -0.036656
0.208672 -0.037045
0.217304 -0.037409
0.226062 -0.037744
0.234941 -0.038050
0.243938 -0.038325
0.253049 -0.038567
0.262270 -0.038774
0.271597 -0.038945
0.281025 -0.039079
0.290550 -0.039175
0.300169 -0.039230
0.309876 -0.039246
0.319668 -0.039221
0.329540 -0.039155
0.339488 -0.039048
0.349507 -0.038900
0.359594 -0.038712
0.369742 -0.038484
0.379949 -0.038217
0.390208 -0.037913
0.400517 -0.037573
0.410870 -0.037199
0.421262 -0.036791
0.431690 -0.036353
0.442147 -0.035885
0.452631 -0.035391
0.463136 -0.034872
0.473657 -0.034330
0.484189 -0.033769
0.494729 -0.033189
0.505271 -0.032594
0.515811 -0.031985
0.526343 -0.031364
0.536864 -0.030735
0.547369 -0.030097
0.557853 -0.029455
0.568310 -0.028808
0.578738 -0.028159
0.589130 -0.027509
0.599483 -0.026860
0.609792 -0.026211
0.620051 -0.025566
0.630258 -0.024924
0.640406 -0.024286
0.650493 -0.023652
0.660512 -0.023024
0.670460 -0.022401
0.680332 -0.021783
0.690124 -0.021172
0.699831 -0.020566
0.709450 -0.019966
0.718975 -0.019372
0.728403 -0.018784
0.737730 -0.018201
0.746951 -0.017624
0.756062 -0.017052
0.765059 -0.016486
0.773938 -0.015924
0.782696 -0.015368
0.791328 -0.014817
0.799831 -0.014271
0.808200 -0.013730
0.816432 -0.013194
0.824524 -0.012663
0.832471 -0.012138
0.840270 -0.011618
0.847919 -0.011105
0.855412 -0.010597
0.862748 -0.010096
0.869922 -0.009602
0.876932 -0.009116
0.883774 -0.008637
0.890446 -0.008166
0.896944 -0.007705
0.903266 -0.007252
0.909408 -0.006809
0.915368 -0.006377
0.921144 -0.005955
0.926733 -0.005545
0.932132 -0.005146
0.937338 -0.004760
0.942351 -0.004386
0.947166 -0.004026
0.951783 -0.003679
0.956199 -0.003346
0.960412 -0.003027
0.964421 -0.002723
0.968223 -0.002434
0.971817 -0.002160
0.975201 -0.001902
0.978374 -0.001659
0.981335 -0.001433
0.984081 -0.001222
0.986612 -0.001028
0.988927 -0.000851
0.991025 -0.000690
0.992904 -0.000545
0.994564 -0.000418
0.996004 -0.000307
0.997224 -0.000213
0.998223 -0.000137
0.999000 -0.000077
0.999556 -0.000034
0.999889 -0.000009
1.000000 0.000000
