NACA 2412 optimized
1.000000 0.000000
0.999889 0.000027
0.999556 0.000107
0.999000 0.000240
0.998223 0.000426
0.997224 0.000665
0.996004 0.000956
0.994564 0.001299
0.992904 0.001693
0.991025 0.002138
0.988927 0.002633
0.986612 0.003177
0.984081 0.003769
0.981335 0.004409
0.978374 0.005095
0.975201 0.005826
0.971817 0.006602
0.968223 0.007419
0.964421 0.008279
0.960412 0.009178
0.956199 0.010115
0.951783 0.011089
0.947166 0.012098
0.942351 0.013141
0.937338 0.014215
0.932132 0.015319
0.926733 0.016451
0.921144 0.017609
0.915368 0.018792
0.909408 0.019997
0.903266 0.021224
0.896944 0.022469
0.890446 0.023731
0.883774 0.025010
0.876932 0.026302
0.869922 0.027607
0.862748 0.028923
0.855412 0.030249
0.847919 0.031584
0.840270 0.032926
0.832471 0.034275
0.824524 0.035629
0.816432 0.036989
0.808200 0.038353
0.799831 0.039722
0.791328 0.041094
0.782696 0.042470
0.773938 0.043849
0.765059 0.045232
0.756062 0.046619
0.746951 0.048009
0.737730 0.049404
0.728403 0.050803
0.718975 0.052208
0.709450 0.053617
0.699831 0.055032
0.690124 0.056453
0.680332 0.057879
0.670460 0.059311
0.660512 0.060749
0.650493 0.062192
0.640406 0.063640
0.630258 0.065093
0.620051 0.066549
0.609792 0.068007
0.599483 0.069466
0.589130 0.070923
0.578738 0.072378
0.568310 0.073827
0.557853 0.075268
0.547369 0.076698
0.536864 0.078114
0.526343 0.079512
0.515811 0.080889
0.505271 0.082239
0.494729 0.083560
0.484189 0.084846
0.473657 0.086092
0.463136 0.087294
0.452631 0.088448
0.442147 0.089547
0.431690 0.090586
0.421262 0.091561
0.410870 0.092468
0.400517 0.093299
0.390208 0.094052
0.379949 0.094722
0.369742 0.095304
0.359594 0.095795
0.349507 0.096190
0.339488 0.096487
0.329540 0.096683
0.319668 0.096775
0.309876 0.096761
0.300169 0.096641
0.290550 0.096412
0.281025 0.096074
0.271597 0.095628
0.262270 0.095074
0.253049 0.094413
0.243938 0.093646
0.234941 0.092776
0.226062 0.091804
0.217304 0.090734
0.208672 0.089569
0.200169 0.088313
0.191800 0.086969
0.183568 0.085541
0.175476 0.084035
0.167529 0.082454
0.159730 0.080803
0.152081 0.079088
0.144588 0.077312
0.137252 0.075482
0.130078 0.073602
0.123068 0.071676
0.116226 0.069710
0.109554 0.067708
0.103056 0.065674
0.096734 0.063613
0.090592 0.061529
0.084632 0.059425
0.078856 0.057305
0.073267 0.055172
0.067868 0.053029
0.062662 0.050879
0.057649 0.048724
0.052834 0.046566
0.048217 0.044408
0.043801 0.042250
0.039588 0.040094
0.035579 0.037941
0.031777 0.035792
0.028183 0.033649
0.024799 0.031510
0.021626 0.029376
0.018665 0.027249
0.015919 0.025127
0.013388 0.023010
0.011073 0.020899
0.008975 0.018794
0.007096 0.016693
0.005436 0.014596
0.003996 0.012503
0.002776 0.010414
0.001777 0.008328
0.001000 0.006244
0.000444 0.004162
0.000111 0.002080
0.000000 0.000000
0.000111 -0.000803
0.000444 -0.001606
0.001000 -0.002406
0.001777 -0.003205
0.002776 -0.004000
0.003996 -0.004791
0.005436 -0.005577
0.007096 -0.006358
0.008975 -0.007132
0.011073 -0.007899
0.013388 -0.008658
0.015919 -0.009408
0.018665 -0.010148
0.021626 -0.010878
0.024799 -0.011597
0.028183 -0.012304
0.031777 -0.012998
0.035579 -0.013679
0.039588 -0.014346
0.043801 -0.014998
0.048217 -0.015635
0.052834 -0.016256
0.057649 -0.016859
0.062662 -0.017446
0.067868 -0.018015
0.073267 -0.018565
0.078856 -0.019096
0.084632 -0.019608
0.090592 -0.020100
0.096734 -0.020571
0.103056 -0.021022
0.109554 -0.021451
0.116226 -0.021860
0.123068 -0.022246
0.130078 -0.022611
0.137252 -0.022953
0.144588 -0.023273
0.152081 -0.023571
0.159730 -0.023845
0.167529 -0.024098
0.175476 -0.024327
0.183568 -0.024534
0.191800 -0.024718
0.200169 -0.024880
0.208672 -0.025019
0.217304 -0.025135
0.226062 -0.025230
0.234941 -0.025303
0.243938 -0.025354
0.253049 -0.025384
0.262270 -0.025393
0.271597 -0.025382
0.281025 -0.025350
0.290550 -0.025299
0.300169 -0.025229
0.309876 -0.025141
0.319668 -0.025034
0.329540 -0.024910
0.339488 -0.024770
0.349507 -0.024614
0.359594 -0.024442
0.369742 -0.024257
0.379949 -0.024057
0.390208 -0.023845
0.400517 -0.023622
0.410870 -0.023387
0.421262 -0.023141
0.431690 -0.022887
0.442147 -0.022624
0.452631 -0.022354
0.463136 -0.022076
0.473657 -0.021793
0.484189 -0.021505
0.494729 -0.021212
0.505271 -0.020915
0.515811 -0.020616
0.526343 -0.020314
0.536864 -0.020010
0.547369 -0.019704
0.557853 -0.019398
0.568310 -0.019092
0.578738 -0.018785
0.589130 -0.018478
0.599483 -0.018171
0.609792 -0.017865
0.620051 -0.017559
0.630258 -0.017253
0.640406 -0.016947
0.650493 -0.016642
0.660512 -0.016336
0.670460 -0.016030
0.680332 -0.015723
0.690124 -0.015415
0.699831 -0.015106
0.709450 -0.014796
0.718975 -0.014483
0.728403 -0.014168
0.737730 -0.013850
0.746951 -0.013529
0.756062 -0.013204
0.765059 -0.012876
0.773938 -0.012545
0.782696 -0.012209
0.791328 -0.011869
0.799831 -0.011526
0.808200 -0.011178
0.816432 -0.010826
0.824524 -0.010470
0.832471 -0.010111
0.840270 -0.009748
0.847919 -0.009383
0.855412 -0.009015
0.862748 -0.008646
0.869922 -0.008275
0.876932 -0.007903
0.883774 -0.007532
0.890446 -0.007161
0.896944 -0.006792
0.903266 -0.006425
0.909408 -0.006062
0.915368 -0.005702
0.921144 -0.005348
0.926733 -0.004999
0.932132 -0.004657
0.937338 -0.004322
0.942351 -0.003995
0.947166 -0.003677
0.951783 -0.003369
0.956199 -0.003072
0.960412 -0.002785
0.964421 -0.002511
0.968223 -0.002248
0.971817 -0.001998
0.975201 -0.001762
0.978374 -0.001539
0.981335 -0.001330
0.984081 -0.001136
0.986612 -0.000956
0.988927 -0.000792
0.991025 -0.000642
0.992904 -0.000508
0.994564 -0.000389
0.996004 -0.000286
0.997224 -0.000199
0.998223 -0.000127
0.999000 -0.000072
0.999556 -0.000032
0.999889 -0.000008
1.000000 0.000000
