NACA 4412 optimized
1.000000 0.000000
0.999889 0.000041
0.999556 0.000163
0.999000 0.000366
0.998223 0.000650
0.997224 0.001015
0.996004 0.001459
0.994564 0.001981
0.992904 0.002581
0.991025 0.003257
0.988927 0.004009
0.986612 0.004835
0.984081 0.005733
0.981335 0.006701
0.978374 0.007740
0.975201 0.008846
0.971817 0.010017
0.968223 0.011254
0.964421 0.012552
0.960412 0.013911
0.956199 0.015329
0.951783 0.016804
0.947166 0.018333
0.942351 0.019915
0.937338 0.021547
0.932132 0.023228
0.926733 0.024955
0.921144 0.026725
0.915368 0.028535
0.909408 0.030384
0.903266 0.032268
0.896944 0.034185
0.890446 0.036130
0.883774 0.038101
0.876932 0.040093
0.869922 0.042104
0.862748 0.044130
0.855412 0.046165
0.847919 0.048207
0.840270 0.050250
0.832471 0.052291
0.824524 0.054325
0.816432 0.056346
0.808200 0.058351
0.799831 0.060335
0.791328 0.062294
0.782696 0.064222
0.773938 0.066116
0.765059 0.067971
0.756062 0.069784
0.746951 0.071550
0.737730 0.073267
0.728403 0.074930
0.718975 0.076537
0.709450 0.078087
0.699831 0.079575
0.690124 0.081002
0.680332 0.082365
0.670460 0.083664
0.660512 0.084897
0.650493 0.086065
0.640406 0.087168
0.630258 0.088207
0.620051 0.089182
0.609792 0.090093
0.599483 0.090944
0.589130 0.091734
0.578738 0.092465
0.568310 0.093139
0.557853 0.093759
0.547369 0.094324
0.536864 0.094838
0.526343 0.095301
0.515811 0.095715
0.505271 0.096082
0.494729 0.096401
0.484189 0.096674
0.473657 0.096902
0.463136 0.097085
0.452631 0.097223
0.442147 0.097315
0.431690 0.097361
0.421262 0.097360
0.410870 0.097312
0.400517 0.097214
0.390208 0.097067
0.379949 0.096868
0.369742 0.096615
0.359594 0.096308
0.349507 0.095945
0.339488 0.095523
0.329540 0.095043
0.319668 0.094502
0.309876 0.093899
0.300169 0.093234
0.290550 0.092506
0.281025 0.091714
0.271597 0.090860
0.262270 0.089942
0.253049 0.088962
0.243938 0.087921
0.234941 0.086821
0.226062 0.085661
0.217304 0.084446
0.208672 0.083177
0.200169 0.081856
0.191800 0.080487
0.183568 0.079072
0.175476 0.077613
0.167529 0.076115
0.159730 0.074581
0.152081 0.073013
0.144588 0.071414
0.137252 0.069788
0.130078 0.068136
0.123068 0.066462
0.116226 0.064768
0.109554 0.063056
0.103056 0.061328
0.096734 0.059585
0.090592 0.057827
0.084632 0.056057
0.078856 0.054275
0.073267 0.052480
0.067868 0.050672
0.062662 0.048852
0.057649 0.047019
0.052834 0.045172
0.048217 0.043311
0.043801 0.041433
0.039588 0.039539
0.035579 0.037627
0.031777 0.035697
0.028183 0.033747
0.024799 0.031777
0.021626 0.029786
0.018665 0.027774
0.015919 0.025740
0.013388 0.023686
0.011073 0.021610
0.008975 0.019515
0.007096 0.017400
0.005436 0.015268
0.003996 0.013119
0.002776 0.010956
0.001777 0.008780
0.001000 0.006594
0.000444 0.004401
0.000111 0.002202
0.000000 0.000000
0.000111 -0.000781
0.000444 -0.001564
0.001000 -0.002348
0.001777 -0.003135
0.002776 -0.003925
0.003996 -0.004720
0.005436 -0.005520
0.007096 -0.006325
0.008975 -0.007135
0.011073 -0.007952
0.013388 -0.008775
0.015919 -0.009603
0.018665 -0.010437
0.021626 -0.011277
0.024799 -0.012120
0.028183 -0.012967
0.031777 -0.013816
0.035579 -0.014666
0.039588 -0.015515
0.043801 -0.016362
0.048217 -0.017204
0.052834 -0.018040
0.057649 -0.018867
0.062662 -0.019683
0.067868 -0.020485
0.073267 -0.021270
0.078856 -0.022037
0.084632 -0.022781
0.090592 -0.023500
0.096734 -0.024192
0.103056 -0.024853
0.109554 -0.025480
0.116226 -0.026072
0.123068 -0.026624
0.130078 -0.027135
0.137252 -0.027603
0.144588 -0.028024
0.152081 -0.028398
0.159730 -0.028722
0.167529 -0.028995
0.175476 -0.029215
0.183568 -0.029382
0.191800 -0.029496
0.200169 -0.029555
0.208672 -0.029559
0.217304 -0.029509
0.226062 -0.029406
0.234941 -0.029250
0.243938 -0.029042
0.253049 -0.028784
0.262270 -0.028477
0.271597 -0.028124
0.281025 -0.027726
0.290550 -0.027285
0.300169 -0.026806
0.309876 -0.026289
0.319668 -0.025738
0.329540 -0.025156
0.339488 -0.024545
0.349507 -0.023910
0.359594 -0.023252
0.369742 -0.022575
0.379949 -0.021882
0.390208 -0.021176
0.400517 -0.020460
0.410870 -0.019736
0.421262 -0.019007
0.431690 -0.018275
0.442147 -0.017544
0.452631 -0.016814
0.463136 -0.016089
0.473657 -0.015369
0.484189 -0.014657
0.494729 -0.013953
0.505271 -0.013260
0.515811 -0.012579
0.526343 -0.011909
0.536864 -0.011253
0.547369 -0.010611
0.557853 -0.009983
0.568310 -0.009370
0.578738 -0.008773
0.589130 -0.008190
0.599483 -0.007624
0.609792 -0.007074
0.620051 -0.006540
0.630258 -0.006022
0.640406 -0.005520
0.650493 -0.005035
0.660512 -0.004566
0.670460 -0.004114
0.680332 -0.003679
0.690124 -0.003260
0.699831 -0.002859
0.709450 -0.002474
0.718975 -0.002107
0.728403 -0.001757
0.737730 -0.001426
0.746951 -0.001112
0.756062 -0.000816
0.765059 -0.000538
0.773938 -0.000279
0.782696 -0.000038
0.791328 0.000184
0.799831 0.000388
0.808200 0.000573
0.816432 0.000740
0.824524 0.000888
0.832471 0.001019
0.840270 0.001132
0.847919 0.001228
0.855412 0.001307
0.862748 0.001370
0.869922 0.001418
0.876932 0.001451
0.883774 0.001470
0.890446 0.001476
0.896944 0.001469
0.903266 0.001452
0.909408 0.001425
0.915368 0.001388
0.921144 0.001344
0.926733 0.001292
0.932132 0.001234
0.937338 0.001172
0.942351 0.001105
0.947166 0.001036
0.951783 0.000964
0.956199 0.000891
0.960412 0.000818
0.964421 0.000745
0.968223 0.000673
0.971817 0.000603
0.975201 0.000535
0.978374 0.000470
0.981335 0.000408
0.984081 0.000350
0.986612 0.000296
0.988927 0.000245
0.991025 0.000199
0.992904 0.000158
0.994564 0.000121
0.996004 0.000089
0.997224 0.000062
0.998223 0.000040
0.999000 0.000022
0.999556 0.000010
0.999889 0.000002
1.000000 0.000000
