NACA 2412 optimized
1.000000 0.000000
0.999889 0.000025
0.999556 0.000101
0.999000 0.000226
0.998223 0.000402
0.997224 0.000628
0.996004 0.000903
0.994564 0.001228
0.992904 0.001601
0.991025 0.002023
0.988927 0.002492
0.986612 0.003008
0.984081 0.003571
0.981335 0.004180
0.978374 0.004834
0.975201 0.005531
0.971817 0.006271
0.968223 0.007054
0.964421 0.007877
0.960412 0.008740
0.956199 0.009642
0.951783 0.010581
0.947166 0.011555
0.942351 0.012565
0.937338 0.013607
0.932132 0.014682
0.926733 0.015787
0.921144 0.016921
0.915368 0.018082
0.909408 0.019270
0.903266 0.020483
0.896944 0.021720
0.890446 0.022979
0.883774 0.024259
0.876932 0.025559
0.869922 0.026878
0.862748 0.028215
0.855412 0.029569
0.847919 0.030940
0.840270 0.032326
0.832471 0.033727
0.824524 0.035143
0.816432 0.036573
0.808200 0.038017
0.799831 0.039475
0.791328 0.040947
0.782696 0.042432
0.773938 0.043931
0.765059 0.045443
0.756062 0.046970
0.746951 0.048510
0.737730 0.050064
0.728403 0.051632
0.718975 0.053214
0.709450 0.054810
0.699831 0.056420
0.690124 0.058043
0.680332 0.059679
0.670460 0.061328
0.660512 0.062987
0.650493 0.064657
0.640406 0.066335
0.630258 0.068021
0.620051 0.069712
0.609792 0.071407
0.599483 0.073102
0.589130 0.074795
0.578738 0.076482
0.568310 0.078161
0.557853 0.079828
0.547369 0.081478
0.536864 0.083108
0.526343 0.084712
0.515811 0.086287
0.505271 0.087826
0.494729 0.089325
0.484189 0.090779
0.473657 0.092182
0.463136 0.093528
0.452631 0.094812
0.442147 0.096029
0.431690 0.097173
0.421262 0.098239
0.410870 0.099221
0.400517 0.100114
0.390208 0.100915
0.379949 0.101618
0.369742 0.102218
0.359594 0.102714
0.349507 0.103100
0.339488 0.103374
0.329540 0.103534
0.319668 0.103578
0.309876 0.103503
0.300169 0.103310
0.290550 0.102998
0.281025 0.102567
0.271597 0.102017
0.262270 0.101350
0.253049 0.100567
0.243938 0.099671
0.234941 0.098664
0.226062 0.097549
0.217304 0.096330
0.208672 0.095011
0.200169 0.093596
0.191800 0.092089
0.183568 0.090495
0.175476 0.088820
0.167529 0.087069
0.159730 0.085246
0.152081 0.083357
0.144588 0.081408
0.137252 0.079404
0.130078 0.077351
0.123068 0.075253
0.116226 0.073116
0.109554 0.070945
0.103056 0.068745
0.096734 0.066520
0.090592 0.064275
0.084632 0.062013
0.078856 0.059739
0.073267 0.057456
0.067868 0.055167
0.062662 0.052876
0.057649 0.050584
0.052834 0.048294
0.048217 0.046009
0.043801 0.043729
0.039588 0.041457
0.035579 0.039193
0.031777 0.036938
0.028183 0.034693
0.024799 0.032459
0.021626 0.030235
0.018665 0.028022
0.015919 0.025819
0.013388 0.023627
0.011073 0.021445
0.008975 0.019272
0.007096 0.017107
0.005436 0.014951
0.003996 0.012801
0.002776 0.010658
0.001777 0.008520
0.001000 0.006386
0.000444 0.004256
0.000111 0.002127
0.000000 0.000000
0.000111 -0.000908
0.000444 -0.001814
0.001000 -0.002715
0.001777 -0.003608
0.002776 -0.004493
0.003996 -0.005365
0.005436 -0.006224
0.007096 -0.007066
0.008975 -0.007891
0.011073 -0.008696
0.013388 -0.009480
0.015919 -0.010240
0.018665 -0.010976
0.021626 -0.011687
0.024799 -0.012371
0.028183 -0.013027
0.031777 -0.013654
0.035579 -0.014253
0.039588 -0.014822
0.043801 -0.015362
0.048217 -0.015872
0.052834 -0.016352
0.057649 -0.016803
0.062662 -0.017224
0.067868 -0.017617
0.073267 -0.017983
0.078856 -0.018320
0.084632 -0.018632
0.090592 -0.018918
0.096734 -0.019179
0.103056 -0.019417
0.109554 -0.019633
0.116226 -0.019827
0.123068 -0.020001
0.130078 -0.020156
0.137252 -0.020293
0.144588 -0.020413
0.152081 -0.020517
0.159730 -0.020606
0.167529 -0.020682
0.175476 -0.020744
0.183568 -0.020795
0.191800 -0.020834
0.200169 -0.020862
0.208672 -0.020881
0.217304 -0.020890
0.226062 -0.020890
0.234941 -0.020882
0.243938 -0.020865
0.253049 -0.020841
0.262270 -0.020809
0.271597 -0.020770
0.281025 -0.020723
0.290550 -0.020669
0.300169 -0.020609
0.309876 -0.020541
0.319668 -0.020466
0.329540 -0.020384
0.339488 -0.020295
0.349507 -0.020199
0.359594 -0.020097
0.369742 -0.019988
0.379949 -0.019872
0.390208 -0.019750
0.400517 -0.019621
0.410870 -0.019487
0.421262 -0.019346
0.431690 -0.019200
0.442147 -0.019049
0.452631 -0.018892
0.463136 -0.018731
0.473657 -0.018566
0.484189 -0.018396
0.494729 -0.018223
0.505271 -0.018047
0.515811 -0.017868
0.526343 -0.017686
0.536864 -0.017501
0.547369 -0.017315
0.557853 -0.017127
0.568310 -0.016938
0.578738 -0.016747
0.589130 -0.016554
0.599483 -0.016360
0.609792 -0.016165
0.620051 -0.015969
0.630258 -0.015770
0.640406 -0.015571
0.650493 -0.015369
0.660512 -0.015164
0.670460 -0.014957
0.680332 -0.014747
0.690124 -0.014534
0.699831 -0.014316
0.709450 -0.014094
0.718975 -0.013867
0.728403 -0.013634
0.737730 -0.013396
0.746951 -0.013151
0.756062 -0.012900
0.765059 -0.012641
0.773938 -0.012375
0.782696 -0.012101
0.791328 -0.011819
0.799831 -0.011530
0.808200 -0.011232
0.816432 -0.010926
0.824524 -0.010612
0.832471 -0.010291
0.840270 -0.009963
0.847919 -0.009627
0.855412 -0.009285
0.862748 -0.008938
0.869922 -0.008585
0.876932 -0.008228
0.883774 -0.007868
0.890446 -0.007505
0.896944 -0.007140
0.903266 -0.006775
0.909408 -0.006410
0.915368 -0.006046
0.921144 -0.005685
0.926733 -0.005328
0.932132 -0.004975
0.937338 -0.004627
0.942351 -0.004287
0.947166 -0.003954
0.951783 -0.003630
0.956199 -0.003315
0.960412 -0.003011
0.964421 -0.002718
0.968223 -0.002438
0.971817 -0.002170
0.975201 -0.001916
0.978374 -0.001676
0.981335 -0.001450
0.984081 -0.001239
0.986612 -0.001044
0.988927 -0.000865
0.991025 -0.000703
0.992904 -0.000556
0.994564 -0.000426
0.996004 -0.000314
0.997224 -0.000218
0.998223 -0.000140
0.999000 -0.000079
0.999556 -0.000035
0.999889 -0.000009
1.000000 0.000000
