NACA 2412 optimized
1.000000 0.000000
0.999889 0.000025
0.999556 0.000102
0.999000 0.000229
0.998223 0.000406
0.997224 0.000633
0.996004 0.000909
0.994564 0.001233
0.992904 0.001604
0.991025 0.002021
0.988927 0.002483
0.986612 0.002989
0.984081 0.003537
0.981335 0.004127
0.978374 0.004758
0.975201 0.005427
0.971817 0.006134
0.968223 0.006878
0.964421 0.007658
0.960412 0.008473
0.956199 0.009323
0.951783 0.010206
0.947166 0.011123
0.942351 0.012073
0.937338 0.013056
0.932132 0.014071
0.926733 0.015119
0.921144 0.016200
0.915368 0.017314
0.909408 0.018462
0.903266 0.019643
0.896944 0.020859
0.890446 0.022108
0.883774 0.023393
0.876932 0.024713
0.869922 0.026068
0.862748 0.027459
0.855412 0.028885
0.847919 0.030347
0.840270 0.031844
0.832471 0.033376
0.824524 0.034943
0.816432 0.036543
0.808200 0.038177
0.799831 0.039841
0.791328 0.041537
0.782696 0.043261
0.773938 0.045013
0.765059 0.046789
0.756062 0.048589
0.746951 0.050409
0.737730 0.052248
0.728403 0.054103
0.718975 0.055970
0.709450 0.057848
0.699831 0.059732
0.690124 0.061621
0.680332 0.063510
0.670460 0.065396
0.660512 0.067276
0.650493 0.069147
0.640406 0.071006
0.630258 0.072847
0.620051 0.074669
0.609792 0.076468
0.599483 0.078240
0.589130 0.079982
0.578738 0.081689
0.568310 0.083359
0.557853 0.084989
0.547369 0.086574
0.536864 0.088111
0.526343 0.089597
0.515811 0.091029
0.505271 0.092402
0.494729 0.093713
0.484189 0.094960
0.473657 0.096139
0.463136 0.097246
0.452631 0.098278
0.442147 0.099233
0.431690 0.100107
0.421262 0.100897
0.410870 0.101600
0.400517 0.102214
0.390208 0.102736
0.379949 0.103164
0.369742 0.103496
0.359594 0.103729
0.349507 0.103862
0.339488 0.103893
0.329540 0.103822
0.319668 0.103647
0.309876 0.103368
0.300169 0.102984
0.290550 0.102497
0.281025 0.101905
0.271597 0.101211
0.262270 0.100415
0.253049 0.099520
0.243938 0.098525
0.234941 0.097435
0.226062 0.096252
0.217304 0.094978
0.208672 0.093618
0.200169 0.092173
0.191800 0.090649
0.183568 0.089049
0.175476 0.087378
0.167529 0.085639
0.159730 0.083837
0.152081 0.081976
0.144588 0.080062
0.137252 0.078099
0.130078 0.076091
0.123068 0.074044
0.116226 0.071960
0.109554 0.069845
0.103056 0.067703
0.096734 0.065538
0.090592 0.063353
0.084632 0.061152
0.078856 0.058939
0.073267 0.056716
0.067868 0.054487
0.062662 0.052253
0.057649 0.050017
0.052834 0.047781
0.048217 0.045547
0.043801 0.043317
0.039588 0.041091
0.035579 0.038870
0.031777 0.036656
0.028183 0.034449
0.024799 0.032249
0.021626 0.030056
0.018665 0.027872
0.015919 0.025694
0.013388 0.023524
0.011073 0.021361
0.008975 0.019205
0.007096 0.017055
0.005436 0.014910
0.003996 0.012771
0.002776 0.010635
0.001777 0.008504
0.001000 0.006375
0.000444 0.004249
0.000111 0.002124
0.000000 0.000000
0.000111 -0.000984
0.000444 -0.001965
0.001000 -0.002943
0.001777 -0.003915
0.002776 -0.004879
0.003996 -0.005833
0.005436 -0.006775
0.007096 -0.007704
0.008975 -0.008616
0.011073 -0.009512
0.013388 -0.010388
0.015919 -0.011242
0.018665 -0.012074
0.021626 -0.012881
0.024799 -0.013661
0.028183 -0.014414
0.031777 -0.015136
0.035579 -0.015828
0.039588 -0.016487
0.043801 -0.017112
0.048217 -0.017703
0.052834 -0.018257
0.057649 -0.018775
0.062662 -0.019254
0.067868 -0.019696
0.073267 -0.020099
0.078856 -0.020462
0.084632 -0.020786
0.090592 -0.021070
0.096734 -0.021316
0.103056 -0.021522
0.109554 -0.021690
0.116226 -0.021819
0.123068 -0.021911
0.130078 -0.021967
0.137252 -0.021988
0.144588 -0.021974
0.152081 -0.021928
0.159730 -0.021850
0.167529 -0.021742
0.175476 -0.021606
0.183568 -0.021443
0.191800 -0.021255
0.200169 -0.021043
0.208672 -0.020810
0.217304 -0.020558
0.226062 -0.020287
0.234941 -0.020001
0.243938 -0.019700
0.253049 -0.019387
0.262270 -0.019063
0.271597 -0.018730
0.281025 -0.018390
0.290550 -0.018044
0.300169 -0.017694
0.309876 -0.017341
0.319668 -0.016986
0.329540 -0.016631
0.339488 -0.016278
0.349507 -0.015926
0.359594 -0.015578
0.369742 -0.015233
0.379949 -0.014894
0.390208 -0.014561
0.400517 -0.014235
0.410870 -0.013915
0.421262 -0.013604
0.431690 -0.013302
0.442147 -0.013008
0.452631 -0.012725
0.463136 -0.012451
0.473657 -0.012188
0.484189 -0.011935
0.494729 -0.011694
0.505271 -0.011464
0.515811 -0.011245
0.526343 -0.011038
0.536864 -0.010843
0.547369 -0.010660
0.557853 -0.010489
0.568310 -0.010330
0.578738 -0.010182
0.589130 -0.010046
0.599483 -0.009922
0.609792 -0.009809
0.620051 -0.009707
0.630258 -0.009615
0.640406 -0.009533
0.650493 -0.009461
0.660512 -0.009398
0.670460 -0.009343
0.680332 -0.009295
0.690124 -0.009253
0.699831 -0.009217
0.709450 -0.009186
0.718975 -0.009158
0.728403 -0.009133
0.737730 -0.009109
0.746951 -0.009085
0.756062 -0.009060
0.765059 -0.009033
0.773938 -0.009002
0.782696 -0.008966
0.791328 -0.008925
0.799831 -0.008876
0.808200 -0.008818
0.816432 -0.008752
0.824524 -0.008675
0.832471 -0.008586
0.840270 -0.008485
0.847919 -0.008371
0.855412 -0.008244
0.862748 -0.008102
0.869922 -0.007946
0.876932 -0.007776
0.883774 -0.007590
0.890446 -0.007390
0.896944 -0.007176
0.903266 -0.006948
0.909408 -0.006706
0.915368 -0.006451
0.921144 -0.006184
0.926733 -0.005907
0.932132 -0.005620
0.937338 -0.005324
0.942351 -0.005021
0.947166 -0.004713
0.951783 -0.004400
0.956199 -0.004085
0.960412 -0.003770
0.964421 -0.003456
0.968223 -0.003145
0.971817 -0.002840
0.975201 -0.002541
0.978374 -0.002250
0.981335 -0.001971
0.984081 -0.001704
0.986612 -0.001451
0.988927 -0.001214
0.991025 -0.000994
0.992904 -0.000793
0.994564 -0.000613
0.996004 -0.000453
0.997224 -0.000317
0.998223 -0.000204
0.999000 -0.000115
0.999556 -0.000051
0.999889 -0.000013
1.000000 0.000000
