NACA 2412 optimized
1.000000 0.000000
0.999889 0.000027
0.999556 0.000107
0.999000 0.000241
0.998223 0.000428
0.997224 0.000667
0.996004 0.000959
0.994564 0.001303
0.992904 0.001698
0.991025 0.002144
0.988927 0.002640
0.986612 0.003185
0.984081 0.003779
0.981335 0.004421
0.978374 0.005110
0.975201 0.005846
0.971817 0.006627
0.968223 0.007454
0.964421 0.008325
0.960412 0.009240
0.956199 0.010198
0.951783 0.011199
0.947166 0.012242
0.942351 0.013327
0.937338 0.014454
0.932132 0.015621
0.926733 0.016829
0.921144 0.018078
0.915368 0.019366
0.909408 0.020693
0.903266 0.022059
0.896944 0.023464
0.890446 0.024906
0.883774 0.026385
0.876932 0.027900
0.869922 0.029451
0.862748 0.031035
0.855412 0.032652
0.847919 0.034301
0.840270 0.035979
0.832471 0.037685
0.824524 0.039418
0.816432 0.041175
0.808200 0.042954
0.799831 0.044753
0.791328 0.046569
0.782696 0.048399
0.773938 0.050241
0.765059 0.052091
0.756062 0.053947
0.746951 0.055806
0.737730 0.057663
0.728403 0.059517
0.718975 0.061363
0.709450 0.063198
0.699831 0.065019
0.690124 0.066822
0.680332 0.068604
0.670460 0.070362
0.660512 0.072091
0.650493 0.073789
0.640406 0.075453
0.630258 0.077079
0.620051 0.078664
0.609792 0.080205
0.599483 0.081699
0.589130 0.083143
0.578738 0.084534
0.568310 0.085870
0.557853 0.087147
0.547369 0.088363
0.536864 0.089515
0.526343 0.090601
0.515811 0.091619
0.505271 0.092566
0.494729 0.093440
0.484189 0.094238
0.473657 0.094959
0.463136 0.095600
0.452631 0.096160
0.442147 0.096637
0.431690 0.097029
0.421262 0.097335
0.410870 0.097553
0.400517 0.097683
0.390208 0.097722
0.379949 0.097672
0.369742 0.097529
0.359594 0.097296
0.349507 0.096971
0.339488 0.096554
0.329540 0.096047
0.319668 0.095449
0.309876 0.094763
0.300169 0.093988
0.290550 0.093127
0.281025 0.092183
0.271597 0.091156
0.262270 0.090049
0.253049 0.088867
0.243938 0.087610
0.234941 0.086284
0.226062 0.084890
0.217304 0.083434
0.208672 0.081919
0.200169 0.080349
0.191800 0.078728
0.183568 0.077060
0.175476 0.075350
0.167529 0.073602
0.159730 0.071821
0.152081 0.070010
0.144588 0.068173
0.137252 0.066315
0.130078 0.064438
0.123068 0.062548
0.116226 0.060647
0.109554 0.058738
0.103056 0.056824
0.096734 0.054908
0.090592 0.052992
0.084632 0.051078
0.078856 0.049168
0.073267 0.047263
0.067868 0.045364
0.062662 0.043473
0.057649 0.041590
0.052834 0.039716
0.048217 0.037850
0.043801 0.035993
0.039588 0.034145
0.035579 0.032305
0.031777 0.030473
0.028183 0.028649
0.024799 0.026831
0.021626 0.025020
0.018665 0.023214
0.015919 0.021413
0.013388 0.019617
0.011073 0.017824
0.008975 0.016035
0.007096 0.014248
0.005436 0.012463
0.003996 0.010680
0.002776 0.008898
0.001777 0.007117
0.001000 0.005338
0.000444 0.003558
0.000111 0.001779
0.000000 0.000000
0.000111 -0.000775
0.000444 -0.001550
0.001000 -0.002327
0.001777 -0.003104
0.002776 -0.003884
0.003996 -0.004665
0.005436 -0.005449
0.007096 -0.006235
0.008975 -0.007022
0.011073 -0.007811
0.013388 -0.008600
0.015919 -0.009390
0.018665 -0.010178
0.021626 -0.010964
0.024799 -0.011747
0.028183 -0.012525
0.031777 -0.013296
0.035579 -0.014059
0.039588 -0.014811
0.043801 -0.015552
0.048217 -0.016279
0.052834 -0.016989
0.057649 -0.017682
0.062662 -0.018355
0.067868 -0.019007
0.073267 -0.019636
0.078856 -0.020241
0.084632 -0.020820
0.090592 -0.021372
0.096734 -0.021896
0.103056 -0.022392
0.109554 -0.022858
0.116226 -0.023296
0.123068 -0.023705
0.130078 -0.024084
0.137252 -0.024435
0.144588 -0.024758
0.152081 -0.025054
0.159730 -0.025323
0.167529 -0.025567
0.175476 -0.025787
0.183568 -0.025985
0.191800 -0.026160
0.200169 -0.026315
0.208672 -0.026451
0.217304 -0.026570
0.226062 -0.026671
0.234941 -0.026757
0.243938 -0.026829
0.253049 -0.026887
0.262270 -0.026931
0.271597 -0.026964
0.281025 -0.026984
0.290550 -0.026993
0.300169 -0.026990
0.309876 -0.026975
0.319668 -0.026949
0.329540 -0.026911
0.339488 -0.026860
0.349507 -0.026797
0.359594 -0.026721
0.369742 -0.026631
0.379949 -0.026527
0.390208 -0.026408
0.400517 -0.026274
0.410870 -0.026125
0.421262 -0.025960
0.431690 -0.025778
0.442147 -0.025580
0.452631 -0.025366
0.463136 -0.025136
0.473657 -0.024890
0.484189 -0.024629
0.494729 -0.024353
0.505271 -0.024062
0.515811 -0.023759
0.526343 -0.023443
0.536864 -0.023116
0.547369 -0.022779
0.557853 -0.022433
0.568310 -0.022079
0.578738 -0.021719
0.589130 -0.021354
0.599483 -0.020986
0.609792 -0.020614
0.620051 -0.020241
0.630258 -0.019868
0.640406 -0.019496
0.650493 -0.019124
0.660512 -0.018755
0.670460 -0.018388
0.680332 -0.018024
0.690124 -0.017664
0.699831 -0.017306
0.709450 -0.016952
0.718975 -0.016601
0.728403 -0.016252
0.737730 -0.015905
0.746951 -0.015559
0.756062 -0.015214
0.765059 -0.014870
0.773938 -0.014524
0.782696 -0.014177
0.791328 -0.013827
0.799831 -0.013475
0.808200 -0.013118
0.816432 -0.012757
0.824524 -0.012391
0.832471 -0.012019
0.840270 -0.011642
0.847919 -0.011258
0.855412 -0.010869
0.862748 -0.010473
0.869922 -0.010072
0.876932 -0.009666
0.883774 -0.009254
0.890446 -0.008839
0.896944 -0.008421
0.903266 -0.008001
0.909408 -0.007579
0.915368 -0.007158
0.921144 -0.006738
0.926733 -0.006320
0.932132 -0.005906
0.937338 -0.005498
0.942351 -0.005097
0.947166 -0.004703
0.951783 -0.004319
0.956199 -0.003946
0.960412 -0.003584
0.964421 -0.003235
0.968223 -0.002901
0.971817 -0.002582
0.975201 -0.002278
0.978374 -0.001992
0.981335 -0.001723
0.984081 -0.001472
0.986612 -0.001239
0.988927 -0.001026
0.991025 -0.000833
0.992904 -0.000659
0.994564 -0.000505
0.996004 -0.000371
0.997224 -0.000258
0.998223 -0.000165
0.999000 -0.000093
0.999556 -0.000041
0.999889 -0.000010
1.000000 0.000000
