NACA 2412 optimized
1.000000 0.000000
0.999889 0.000021
0.999556 0.000084
0.999000 0.000188
0.998223 0.000333
0.997224 0.000519
0.996004 0.000744
0.994564 0.001009
0.992904 0.001312
0.991025 0.001652
0.988927 0.002028
0.986612 0.002439
0.984081 0.002885
0.981335 0.003363
0.978374 0.003874
0.975201 0.004417
0.971817 0.004989
0.968223 0.005593
0.964421 0.006226
0.960412 0.006888
0.956199 0.007580
0.951783 0.008302
0.947166 0.009054
0.942351 0.009837
0.937338 0.010651
0.932132 0.011498
0.926733 0.012378
0.921144 0.013293
0.915368 0.014245
0.909408 0.015234
0.903266 0.016262
0.896944 0.017332
0.890446 0.018444
0.883774 0.019600
0.876932 0.020801
0.869922 0.022050
0.862748 0.023347
0.855412 0.024693
0.847919 0.026089
0.840270 0.027536
0.832471 0.029034
0.824524 0.030582
0.816432 0.032182
0.808200 0.033831
0.799831 0.035529
0.791328 0.037275
0.782696 0.039067
0.773938 0.040903
0.765059 0.042781
0.756062 0.044697
0.746951 0.046648
0.737730 0.048632
0.728403 0.050644
0.718975 0.052680
0.709450 0.054737
0.699831 0.056810
0.690124 0.058893
0.680332 0.060983
0.670460 0.063073
0.660512 0.065160
0.650493 0.067238
0.640406 0.069302
0.630258 0.071346
0.620051 0.073365
0.609792 0.075354
0.599483 0.077309
0.589130 0.079222
0.578738 0.081091
0.568310 0.082909
0.557853 0.084672
0.547369 0.086376
0.536864 0.088015
0.526343 0.089586
0.515811 0.091084
0.505271 0.092506
0.494729 0.093847
0.484189 0.095104
0.473657 0.096273
0.463136 0.097352
0.452631 0.098338
0.442147 0.099227
0.431690 0.100018
0.421262 0.100708
0.410870 0.101296
0.400517 0.101780
0.390208 0.102158
0.379949 0.102430
0.369742 0.102595
0.359594 0.102653
0.349507 0.102603
0.339488 0.102446
0.329540 0.102183
0.319668 0.101814
0.309876 0.101341
0.300169 0.100765
0.290550 0.100089
0.281025 0.099314
0.271597 0.098444
0.262270 0.097481
0.253049 0.096429
0.243938 0.095290
0.234941 0.094068
0.226062 0.092768
0.217304 0.091393
0.208672 0.089948
0.200169 0.088436
0.191800 0.086862
0.183568 0.085231
0.175476 0.083547
0.167529 0.081814
0.159730 0.080036
0.152081 0.078219
0.144588 0.076365
0.137252 0.074479
0.130078 0.072564
0.123068 0.070625
0.116226 0.068664
0.109554 0.066684
0.103056 0.064688
0.096734 0.062679
0.090592 0.060658
0.084632 0.058628
0.078856 0.056590
0.073267 0.054546
0.067868 0.052496
0.062662 0.050442
0.057649 0.048385
0.052834 0.046323
0.048217 0.044259
0.043801 0.042191
0.039588 0.040121
0.035579 0.038047
0.031777 0.035969
0.028183 0.033888
0.024799 0.031803
0.021626 0.029713
0.018665 0.027619
0.015919 0.025520
0.013388 0.023416
0.011073 0.021308
0.008975 0.019194
0.007096 0.017075
0.005436 0.014952
0.003996 0.012825
0.002776 0.010694
0.001777 0.008559
0.001000 0.006422
0.000444 0.004283
0.000111 0.002142
0.000000 0.000000
0.000111 -0.000752
0.000444 -0.001502
0.001000 -0.002247
0.001777 -0.002987
0.002776 -0.003719
0.003996 -0.004440
0.005436 -0.005150
0.007096 -0.005847
0.008975 -0.006528
0.011073 -0.007193
0.013388 -0.007840
0.015919 -0.008467
0.018665 -0.009074
0.021626 -0.009659
0.024799 -0.010223
0.028183 -0.010763
0.031777 -0.011280
0.035579 -0.011773
0.039588 -0.012243
0.043801 -0.012688
0.048217 -0.013110
0.052834 -0.013508
0.057649 -0.013884
0.062662 -0.014237
0.067868 -0.014568
0.073267 -0.014879
0.078856 -0.015170
0.084632 -0.015442
0.090592 -0.015696
0.096734 -0.015934
0.103056 -0.016157
0.109554 -0.016366
0.116226 -0.016561
0.123068 -0.016745
0.130078 -0.016919
0.137252 -0.017083
0.144588 -0.017238
0.152081 -0.017386
0.159730 -0.017526
0.167529 -0.017661
0.175476 -0.017789
0.183568 -0.017912
0.191800 -0.018030
0.200169 -0.018143
0.208672 -0.018250
0.217304 -0.018351
0.226062 -0.018446
0.234941 -0.018534
0.243938 -0.018614
0.253049 -0.018686
0.262270 -0.018747
0.271597 -0.018798
0.281025 -0.018836
0.290550 -0.018860
0.300169 -0.018870
0.309876 -0.018863
0.319668 -0.018837
0.329540 -0.018793
0.339488 -0.018728
0.349507 -0.018640
0.359594 -0.018530
0.369742 -0.018395
0.379949 -0.018235
0.390208 -0.018050
0.400517 -0.017837
0.410870 -0.017598
0.421262 -0.017332
0.431690 -0.017039
0.442147 -0.016719
0.452631 -0.016373
0.463136 -0.016002
0.473657 -0.015606
0.484189 -0.015187
0.494729 -0.014746
0.505271 -0.014285
0.515811 -0.013805
0.526343 -0.013310
0.536864 -0.012799
0.547369 -0.012277
0.557853 -0.011745
0.568310 -0.011205
0.578738 -0.010661
0.589130 -0.010114
0.599483 -0.009567
0.609792 -0.009022
0.620051 -0.008482
0.630258 -0.007949
0.640406 -0.007426
0.650493 -0.006913
0.660512 -0.006414
0.670460 -0.005930
0.680332 -0.005462
0.690124 -0.005012
0.699831 -0.004581
0.709450 -0.004170
0.718975 -0.003780
0.728403 -0.003412
0.737730 -0.003065
0.746951 -0.002740
0.756062 -0.002438
0.765059 -0.002157
0.773938 -0.001899
0.782696 -0.001661
0.791328 -0.001444
0.799831 -0.001247
0.808200 -0.001068
0.816432 -0.000908
0.824524 -0.000765
0.832471 -0.000638
0.840270 -0.000527
0.847919 -0.000429
0.855412 -0.000344
0.862748 -0.000270
0.869922 -0.000208
0.876932 -0.000155
0.883774 -0.000110
0.890446 -0.000073
0.896944 -0.000043
0.903266 -0.000019
0.909408 -0.000000
0.915368 0.000015
0.921144 0.000026
0.926733 0.000034
0.932132 0.000039
0.937338 0.000042
0.942351 0.000044
0.947166 0.000044
0.951783 0.000043
0.956199 0.000041
0.960412 0.000039
0.964421 0.000036
0.968223 0.000033
0.971817 0.000030
0.975201 0.000027
0.978374 0.000024
0.981335 0.000021
0.984081 0.000018
0.986612 0.000015
0.988927 0.000013
0.991025 0.000010
0.992904 0.000008
0.994564 0.000006
0.996004 0.000005
0.997224 0.000003
0.998223 0.000002
0.999000 0.000001
0.999556 0.000001
0.999889 0.000000
1.000000 0.000000
