NACA 2412 morphed for loiter, max CL^1.5/CD
1.000000 -0.060000
0.999889 -0.059938
0.999556 -0.059753
0.999000 -0.059444
0.998223 -0.059013
0.997224 -0.058460
0.996004 -0.057786
0.994564 -0.056993
0.992904 -0.056083
0.991025 -0.055056
0.988927 -0.053916
0.986612 -0.052664
0.984081 -0.051303
0.981335 -0.049835
0.978374 -0.048264
0.975201 -0.046593
0.971817 -0.044825
0.968223 -0.042963
0.964421 -0.041011
0.960412 -0.038973
0.956199 -0.036853
0.951783 -0.034656
0.947166 -0.032385
0.942351 -0.030045
0.937338 -0.027641
0.932132 -0.025178
0.926733 -0.022659
0.921144 -0.020091
0.915368 -0.017479
0.909408 -0.014827
0.903266 -0.012141
0.896944 -0.009426
0.890446 -0.006687
0.883774 -0.003930
0.876932 -0.001161
0.869922 0.001615
0.862748 0.004393
0.855412 0.007167
0.847919 0.009932
0.840270 0.012681
0.832471 0.015411
0.824524 0.018114
0.816432 0.020785
0.808200 0.023420
0.799831 0.026012
0.791328 0.028557
0.782696 0.031050
0.773938 0.033484
0.765059 0.035855
0.756062 0.038158
0.746951 0.040388
0.737730 0.042541
0.728403 0.044611
0.718975 0.046594
0.709450 0.048486
0.699831 0.050282
0.690124 0.051979
0.680332 0.053572
0.670460 0.055057
0.660512 0.056430
0.650493 0.057689
0.640406 0.058875
0.630258 0.060039
0.620051 0.061182
0.609792 0.062302
0.599483 0.063397
0.589130 0.064467
0.578738 0.065509
0.568310 0.066524
0.557853 0.067509
0.547369 0.068463
0.536864 0.069385
0.526343 0.070275
0.515811 0.071130
0.505271 0.071950
0.494729 0.072734
0.484189 0.073480
0.473657 0.074187
0.463136 0.074855
0.452631 0.075483
0.442147 0.076069
0.431690 0.076612
0.421262 0.077112
0.410870 0.077568
0.400517 0.077978
0.390208 0.078334
0.379949 0.078629
0.369742 0.078864
0.359594 0.079037
0.349507 0.079149
0.339488 0.079199
0.329540 0.079184
0.319668 0.079112
0.309876 0.078976
0.300169 0.078778
0.290550 0.078519
0.281025 0.078198
0.271597 0.077816
0.262270 0.077374
0.253049 0.076871
0.243938 0.076308
0.234941 0.075686
0.226062 0.075006
0.217304 0.074268
0.208672 0.073473
0.200169 0.072622
0.191800 0.071716
0.183568 0.070757
0.175476 0.069744
0.167529 0.068680
0.159730 0.067566
0.152081 0.066402
0.144588 0.065191
0.137252 0.063934
0.130078 0.062632
0.123068 0.061286
0.116226 0.059899
0.109554 0.058472
0.103056 0.057007
0.096734 0.055504
0.090592 0.053967
0.084632 0.052396
0.078856 0.050794
0.073267 0.049162
0.067868 0.047502
0.062662 0.045816
0.057649 0.044105
0.052834 0.042371
0.048217 0.040617
0.043801 0.038844
0.039588 0.037053
0.035579 0.035246
0.031777 0.033425
0.028183 0.031592
0.024799 0.029749
0.021626 0.027896
0.018665 0.026035
0.015919 0.024169
0.013388 0.022298
0.011073 0.020423
0.008975 0.018548
0.007096 0.016672
0.005436 0.014798
0.003996 0.012929
0.002776 0.011067
0.001777 0.009217
0.001000 0.007390
0.000444 0.005615
0.000111 0.004119
0.000000 0.000000
0.000111 -0.000777
0.000444 -0.002466
0.001000 -0.004166
0.001777 -0.005882
0.002776 -0.007581
0.003996 -0.009252
0.005436 -0.010889
0.007096 -0.012491
0.008975 -0.014054
0.011073 -0.015580
0.013388 -0.017065
0.015919 -0.018511
0.018665 -0.019915
0.021626 -0.021279
0.024799 -0.022601
0.028183 -0.023882
0.031777 -0.025120
0.035579 -0.026316
0.039588 -0.027468
0.043801 -0.028578
0.048217 -0.029645
0.052834 -0.030668
0.057649 -0.031647
0.062662 -0.032583
0.067868 -0.033475
0.073267 -0.034323
0.078856 -0.035127
0.084632 -0.035887
0.090592 -0.036603
0.096734 -0.037276
0.103056 -0.037904
0.109554 -0.038490
0.116226 -0.039032
0.123068 -0.039531
0.130078 -0.039988
0.137252 -0.040403
0.144588 -0.040776
0.152081 -0.041108
0.159730 -0.041400
0.167529 -0.041652
0.175476 -0.041865
0.183568 -0.042040
0.191800 -0.042177
0.200169 -0.042278
0.208672 -0.042343
0.217304 -0.042372
0.226062 -0.042368
0.234941 -0.042333
0.243938 -0.042266
0.253049 -0.042168
0.262270 -0.042042
0.271597 -0.041888
0.281025 -0.041707
0.290550 -0.041501
0.300169 -0.041272
0.309876 -0.041020
0.319668 -0.040747
0.329540 -0.040454
0.339488 -0.040144
0.349507 -0.039816
0.359594 -0.039474
0.369742 -0.039117
0.379949 -0.038748
0.390208 -0.038368
0.400517 -0.037978
0.410870 -0.037575
0.421262 -0.037150
0.431690 -0.036705
0.442147 -0.036240
0.452631 -0.035756
0.463136 -0.035256
0.473657 -0.034739
0.484189 -0.034207
0.494729 -0.033661
0.505271 -0.033102
0.515811 -0.032531
0.526343 -0.031949
0.536864 -0.031357
0.547369 -0.030756
0.557853 -0.030148
0.568310 -0.029532
0.578738 -0.028910
0.589130 -0.028283
0.599483 -0.027651
0.609792 -0.027016
0.620051 -0.026377
0.630258 -0.025737
0.640406 -0.025095
0.650493 -0.024452
0.660512 -0.023863
0.670460 -0.023372
0.680332 -0.022976
0.690124 -0.022674
0.699831 -0.022464
0.709450 -0.022344
0.718975 -0.022311
0.728403 -0.022364
0.737730 -0.022499
0.746951 -0.022714
0.756062 -0.023005
0.765059 -0.023371
0.773938 -0.023807
0.782696 -0.024311
0.791328 -0.024879
0.799831 -0.025507
0.808200 -0.026193
0.816432 -0.026933
0.824524 -0.027723
0.832471 -0.028559
0.840270 -0.029438
0.847919 -0.030356
0.855412 -0.031309
0.862748 -0.032293
0.869922 -0.033305
0.876932 -0.034341
0.883774 -0.035397
0.890446 -0.036468
0.896944 -0.037552
0.903266 -0.038645
0.909408 -0.039743
0.915368 -0.040842
0.921144 -0.041938
0.926733 -0.043029
0.932132 -0.044110
0.937338 -0.045178
0.942351 -0.046231
0.947166 -0.047264
0.951783 -0.048274
0.956199 -0.049259
0.960412 -0.050216
0.964421 -0.051141
0.968223 -0.052032
0.971817 -0.052887
0.975201 -0.053703
0.978374 -0.054477
0.981335 -0.055208
0.984081 -0.055893
0.986612 -0.056531
0.988927 -0.057119
0.991025 -0.057656
0.992904 -0.058141
0.994564 -0.058572
0.996004 -0.058947
0.997224 -0.059267
0.998223 -0.059530
0.999000 -0.059735
0.999556 -0.059882
0.999889 -0.059971
1.000000 -0.060000
