NACA 2412 optimized
1.000000 0.000000
0.999889 0.000013
0.999556 0.000053
0.999000 0.000120
0.998223 0.000215
0.997224 0.000337
0.996004 0.000489
0.994564 0.000671
0.992904 0.000884
0.991025 0.001129
0.988927 0.001409
0.986612 0.001725
0.984081 0.002079
0.981335 0.002473
0.978374 0.002908
0.975201 0.003387
0.971817 0.003913
0.968223 0.004487
0.964421 0.005112
0.960412 0.005790
0.956199 0.006524
0.951783 0.007315
0.947166 0.008166
0.942351 0.009079
0.937338 0.010056
0.932132 0.011099
0.926733 0.012209
0.921144 0.013388
0.915368 0.014638
0.909408 0.015957
0.903266 0.017349
0.896944 0.018812
0.890446 0.020348
0.883774 0.021954
0.876932 0.023632
0.869922 0.025379
0.862748 0.027194
0.855412 0.029075
0.847919 0.031020
0.840270 0.033025
0.832471 0.035089
0.824524 0.037206
0.816432 0.039374
0.808200 0.041588
0.799831 0.043842
0.791328 0.046133
0.782696 0.048454
0.773938 0.050800
0.765059 0.053165
0.756062 0.055543
0.746951 0.057928
0.737730 0.060312
0.728403 0.062690
0.718975 0.065056
0.709450 0.067401
0.699831 0.069720
0.690124 0.072007
0.680332 0.074254
0.670460 0.076456
0.660512 0.078606
0.650493 0.080700
0.640406 0.082730
0.630258 0.084693
0.620051 0.086582
0.609792 0.088394
0.599483 0.090124
0.589130 0.091769
0.578738 0.093325
0.568310 0.094788
0.557853 0.096158
0.547369 0.097430
0.536864 0.098604
0.526343 0.099679
0.515811 0.100652
0.505271 0.101525
0.494729 0.102295
0.484189 0.102965
0.473657 0.103534
0.463136 0.104003
0.452631 0.104373
0.442147 0.104646
0.431690 0.104822
0.421262 0.104905
0.410870 0.104895
0.400517 0.104796
0.390208 0.104608
0.379949 0.104336
0.369742 0.103980
0.359594 0.103544
0.349507 0.103029
0.339488 0.102439
0.329540 0.101777
0.319668 0.101043
0.309876 0.100242
0.300169 0.099375
0.290550 0.098444
0.281025 0.097453
0.271597 0.096402
0.262270 0.095296
0.253049 0.094134
0.243938 0.092920
0.234941 0.091655
0.226062 0.090342
0.217304 0.088981
0.208672 0.087575
0.200169 0.086126
0.191800 0.084635
0.183568 0.083103
0.175476 0.081533
0.167529 0.079926
0.159730 0.078282
0.152081 0.076605
0.144588 0.074894
0.137252 0.073152
0.130078 0.071380
0.123068 0.069580
0.116226 0.067752
0.109554 0.065899
0.103056 0.064021
0.096734 0.062120
0.090592 0.060197
0.084632 0.058255
0.078856 0.056293
0.073267 0.054313
0.067868 0.052318
0.062662 0.050307
0.057649 0.048283
0.052834 0.046246
0.048217 0.044197
0.043801 0.042138
0.039588 0.040070
0.035579 0.037994
0.031777 0.035910
0.028183 0.033820
0.024799 0.031725
0.021626 0.029625
0.018665 0.027520
0.015919 0.025413
0.013388 0.023302
0.011073 0.021189
0.008975 0.019074
0.007096 0.016958
0.005436 0.014840
0.003996 0.012721
0.002776 0.010602
0.001777 0.008482
0.001000 0.006362
0.000444 0.004241
0.000111 0.002121
0.000000 0.000000
0.000111 -0.001208
0.000444 -0.002417
0.001000 -0.003626
0.001777 -0.004835
0.002776 -0.006044
0.003996 -0.007252
0.005436 -0.008460
0.007096 -0.009666
0.008975 -0.010868
0.011073 -0.012067
0.013388 -0.013259
0.015919 -0.014443
0.018665 -0.015616
0.021626 -0.016776
0.024799 -0.017919
0.028183 -0.019042
0.031777 -0.020142
0.035579 -0.021214
0.039588 -0.022255
0.043801 -0.023260
0.048217 -0.024226
0.052834 -0.025148
0.057649 -0.026022
0.062662 -0.026844
0.067868 -0.027610
0.073267 -0.028316
0.078856 -0.028960
0.084632 -0.029537
0.090592 -0.030046
0.096734 -0.030483
0.103056 -0.030847
0.109554 -0.031137
0.116226 -0.031352
0.123068 -0.031491
0.130078 -0.031555
0.137252 -0.031544
0.144588 -0.031458
0.152081 -0.031301
0.159730 -0.031073
0.167529 -0.030778
0.175476 -0.030417
0.183568 -0.029995
0.191800 -0.029515
0.200169 -0.028981
0.208672 -0.028396
0.217304 -0.027764
0.226062 -0.027091
0.234941 -0.026380
0.243938 -0.025635
0.253049 -0.024861
0.262270 -0.024062
0.271597 -0.023241
0.281025 -0.022403
0.290550 -0.021550
0.300169 -0.020687
0.309876 -0.019817
0.319668 -0.018941
0.329540 -0.018064
0.339488 -0.017186
0.349507 -0.016310
0.359594 -0.015438
0.369742 -0.014571
0.379949 -0.013711
0.390208 -0.012857
0.400517 -0.012012
0.410870 -0.011176
0.421262 -0.010349
0.431690 -0.009531
0.442147 -0.008724
0.452631 -0.007927
0.463136 -0.007141
0.473657 -0.006366
0.484189 -0.005602
0.494729 -0.004851
0.505271 -0.004111
0.515811 -0.003384
0.526343 -0.002671
0.536864 -0.001973
0.547369 -0.001289
0.557853 -0.000622
0.568310 0.000027
0.578738 0.000658
0.589130 0.001268
0.599483 0.001858
0.609792 0.002424
0.620051 0.002967
0.630258 0.003483
0.640406 0.003973
0.650493 0.004434
0.660512 0.004866
0.670460 0.005266
0.680332 0.005635
0.690124 0.005971
0.699831 0.006274
0.709450 0.006542
0.718975 0.006775
0.728403 0.006974
0.737730 0.007139
0.746951 0.007268
0.756062 0.007364
0.765059 0.007426
0.773938 0.007456
0.782696 0.007454
0.791328 0.007422
0.799831 0.007361
0.808200 0.007273
0.816432 0.007159
0.824524 0.007021
0.832471 0.006862
0.840270 0.006683
0.847919 0.006486
0.855412 0.006273
0.862748 0.006047
0.869922 0.005809
0.876932 0.005562
0.883774 0.005307
0.890446 0.005047
0.896944 0.004782
0.903266 0.004516
0.909408 0.004250
0.915368 0.003985
0.921144 0.003723
0.926733 0.003464
0.932132 0.003211
0.937338 0.002965
0.942351 0.002725
0.947166 0.002493
0.951783 0.002271
0.956199 0.002057
0.960412 0.001854
0.964421 0.001660
0.968223 0.001477
0.971817 0.001305
0.975201 0.001143
0.978374 0.000993
0.981335 0.000853
0.984081 0.000725
0.986612 0.000607
0.988927 0.000500
0.991025 0.000404
0.992904 0.000318
0.994564 0.000243
0.996004 0.000178
0.997224 0.000123
0.998223 0.000079
0.999000 0.000044
0.999556 0.000020
0.999889 0.000005
1.000000 0.000000
