NACA 2412 optimized
1.000000 0.000000
0.999889 0.000021
0.999556 0.000083
0.999000 0.000187
0.998223 0.000332
0.997224 0.000518
0.996004 0.000743
0.994564 0.001006
0.992904 0.001308
0.991025 0.001646
0.988927 0.002019
0.986612 0.002427
0.984081 0.002869
0.981335 0.003342
0.978374 0.003847
0.975201 0.004382
0.971817 0.004947
0.968223 0.005540
0.964421 0.006162
0.960412 0.006813
0.956199 0.007491
0.951783 0.008197
0.947166 0.008933
0.942351 0.009697
0.937338 0.010492
0.932132 0.011318
0.926733 0.012176
0.921144 0.013068
0.915368 0.013994
0.909408 0.014958
0.903266 0.015961
0.896944 0.017003
0.890446 0.018088
0.883774 0.019217
0.876932 0.020391
0.869922 0.021612
0.862748 0.022882
0.855412 0.024201
0.847919 0.025572
0.840270 0.026994
0.832471 0.028468
0.824524 0.029994
0.816432 0.031573
0.808200 0.033203
0.799831 0.034884
0.791328 0.036615
0.782696 0.038394
0.773938 0.040219
0.765059 0.042088
0.756062 0.043997
0.746951 0.045945
0.737730 0.047927
0.728403 0.049940
0.718975 0.051979
0.709450 0.054041
0.699831 0.056121
0.690124 0.058214
0.680332 0.060315
0.670460 0.062419
0.660512 0.064521
0.650493 0.066616
0.640406 0.068698
0.630258 0.070761
0.620051 0.072801
0.609792 0.074811
0.599483 0.076787
0.589130 0.078723
0.578738 0.080614
0.568310 0.082454
0.557853 0.084240
0.547369 0.085965
0.536864 0.087625
0.526343 0.089216
0.515811 0.090733
0.505271 0.092172
0.494729 0.093529
0.484189 0.094800
0.473657 0.095982
0.463136 0.097071
0.452631 0.098065
0.442147 0.098960
0.431690 0.099754
0.421262 0.100444
0.410870 0.101030
0.400517 0.101508
0.390208 0.101877
0.379949 0.102137
0.369742 0.102287
0.359594 0.102326
0.349507 0.102254
0.339488 0.102072
0.329540 0.101779
0.319668 0.101378
0.309876 0.100869
0.300169 0.100253
0.290550 0.099534
0.281025 0.098713
0.271597 0.097793
0.262270 0.096777
0.253049 0.095668
0.243938 0.094470
0.234941 0.093188
0.226062 0.091823
0.217304 0.090382
0.208672 0.088869
0.200169 0.087288
0.191800 0.085643
0.183568 0.083941
0.175476 0.082184
0.167529 0.080380
0.159730 0.078531
0.152081 0.076642
0.144588 0.074719
0.137252 0.072766
0.130078 0.070786
0.123068 0.068785
0.116226 0.066765
0.109554 0.064730
0.103056 0.062684
0.096734 0.060630
0.090592 0.058569
0.084632 0.056505
0.078856 0.054440
0.073267 0.052375
0.067868 0.050312
0.062662 0.048252
0.057649 0.046197
0.052834 0.044146
0.048217 0.042100
0.043801 0.040060
0.039588 0.038026
0.035579 0.035997
0.031777 0.033973
0.028183 0.031954
0.024799 0.029940
0.021626 0.027931
0.018665 0.025925
0.015919 0.023922
0.013388 0.021922
0.011073 0.019924
0.008975 0.017928
0.007096 0.015934
0.005436 0.013941
0.003996 0.011948
0.002776 0.009956
0.001777 0.007965
0.001000 0.005973
0.000444 0.003982
0.000111 0.001991
0.000000 0.000000
0.000111 -0.001046
0.000444 -0.002089
0.001000 -0.003125
0.001777 -0.004151
0.002776 -0.005163
0.003996 -0.006158
0.005436 -0.007134
0.007096 -0.008087
0.008975 -0.009014
0.011073 -0.009913
0.013388 -0.010782
0.015919 -0.011618
0.018665 -0.012420
0.021626 -0.013186
0.024799 -0.013914
0.028183 -0.014604
0.031777 -0.015255
0.035579 -0.015866
0.039588 -0.016437
0.043801 -0.016967
0.048217 -0.017459
0.052834 -0.017910
0.057649 -0.018324
0.062662 -0.018700
0.067868 -0.019039
0.073267 -0.019344
0.078856 -0.019616
0.084632 -0.019856
0.090592 -0.020066
0.096734 -0.020248
0.103056 -0.020405
0.109554 -0.020538
0.116226 -0.020649
0.123068 -0.020740
0.130078 -0.020814
0.137252 -0.020872
0.144588 -0.020916
0.152081 -0.020947
0.159730 -0.020968
0.167529 -0.020980
0.175476 -0.020984
0.183568 -0.020981
0.191800 -0.020972
0.200169 -0.020957
0.208672 -0.020938
0.217304 -0.020914
0.226062 -0.020885
0.234941 -0.020851
0.243938 -0.020812
0.253049 -0.020768
0.262270 -0.020717
0.271597 -0.020658
0.281025 -0.020592
0.290550 -0.020516
0.300169 -0.020430
0.309876 -0.020333
0.319668 -0.020223
0.329540 -0.020099
0.339488 -0.019960
0.349507 -0.019805
0.359594 -0.019633
0.369742 -0.019443
0.379949 -0.019235
0.390208 -0.019007
0.400517 -0.018761
0.410870 -0.018495
0.421262 -0.018209
0.431690 -0.017905
0.442147 -0.017582
0.452631 -0.017241
0.463136 -0.016883
0.473657 -0.016510
0.484189 -0.016123
0.494729 -0.015723
0.505271 -0.015313
0.515811 -0.014893
0.526343 -0.014468
0.536864 -0.014037
0.547369 -0.013605
0.557853 -0.013173
0.568310 -0.012744
0.578738 -0.012320
0.589130 -0.011903
0.599483 -0.011496
0.609792 -0.011100
0.620051 -0.010719
0.630258 -0.010353
0.640406 -0.010004
0.650493 -0.009675
0.660512 -0.009365
0.670460 -0.009076
0.680332 -0.008810
0.690124 -0.008565
0.699831 -0.008343
0.709450 -0.008143
0.718975 -0.007965
0.728403 -0.007808
0.737730 -0.007672
0.746951 -0.007555
0.756062 -0.007455
0.765059 -0.007372
0.773938 -0.007303
0.782696 -0.007247
0.791328 -0.007200
0.799831 -0.007163
0.808200 -0.007131
0.816432 -0.007102
0.824524 -0.007075
0.832471 -0.007047
0.840270 -0.007015
0.847919 -0.006979
0.855412 -0.006935
0.862748 -0.006881
0.869922 -0.006817
0.876932 -0.006740
0.883774 -0.006649
0.890446 -0.006543
0.896944 -0.006422
0.903266 -0.006284
0.909408 -0.006129
0.915368 -0.005957
0.921144 -0.005769
0.926733 -0.005565
0.932132 -0.005345
0.937338 -0.005110
0.942351 -0.004863
0.947166 -0.004603
0.951783 -0.004333
0.956199 -0.004054
0.960412 -0.003769
0.964421 -0.003479
0.968223 -0.003187
0.971817 -0.002895
0.975201 -0.002605
0.978374 -0.002320
0.981335 -0.002042
0.984081 -0.001774
0.986612 -0.001517
0.988927 -0.001274
0.991025 -0.001047
0.992904 -0.000838
0.994564 -0.000649
0.996004 -0.000481
0.997224 -0.000337
0.998223 -0.000217
0.999000 -0.000123
0.999556 -0.000055
0.999889 -0.000014
1.000000 0.000000
