NACA 2412 optimized
1.000000 0.000000
0.999889 0.000022
0.999556 0.000088
0.999000 0.000197
0.998223 0.000350
0.997224 0.000547
0.996004 0.000786
0.994564 0.001069
0.992904 0.001394
0.991025 0.001761
0.988927 0.002170
0.986612 0.002620
0.984081 0.003111
0.981335 0.003643
0.978374 0.004214
0.975201 0.004825
0.971817 0.005475
0.968223 0.006163
0.964421 0.006888
0.960412 0.007652
0.956199 0.008451
0.951783 0.009288
0.947166 0.010160
0.942351 0.011067
0.937338 0.012009
0.932132 0.012986
0.926733 0.013997
0.921144 0.015041
0.915368 0.016119
0.909408 0.017229
0.903266 0.018372
0.896944 0.019547
0.890446 0.020753
0.883774 0.021991
0.876932 0.023260
0.869922 0.024560
0.862748 0.025889
0.855412 0.027249
0.847919 0.028637
0.840270 0.030055
0.832471 0.031501
0.824524 0.032975
0.816432 0.034476
0.808200 0.036004
0.799831 0.037558
0.791328 0.039137
0.782696 0.040740
0.773938 0.042368
0.765059 0.044018
0.756062 0.045689
0.746951 0.047382
0.737730 0.049093
0.728403 0.050823
0.718975 0.052569
0.709450 0.054331
0.699831 0.056105
0.690124 0.057891
0.680332 0.059687
0.670460 0.061489
0.660512 0.063297
0.650493 0.065107
0.640406 0.066917
0.630258 0.068724
0.620051 0.070524
0.609792 0.072315
0.599483 0.074094
0.589130 0.075856
0.578738 0.077598
0.568310 0.079316
0.557853 0.081005
0.547369 0.082662
0.536864 0.084282
0.526343 0.085861
0.515811 0.087393
0.505271 0.088875
0.494729 0.090301
0.484189 0.091666
0.473657 0.092967
0.463136 0.094197
0.452631 0.095353
0.442147 0.096430
0.431690 0.097423
0.421262 0.098328
0.410870 0.099141
0.400517 0.099858
0.390208 0.100475
0.379949 0.100990
0.369742 0.101400
0.359594 0.101701
0.349507 0.101891
0.339488 0.101970
0.329540 0.101936
0.319668 0.101787
0.309876 0.101524
0.300169 0.101147
0.290550 0.100656
0.281025 0.100052
0.271597 0.099337
0.262270 0.098514
0.253049 0.097583
0.243938 0.096549
0.234941 0.095415
0.226062 0.094184
0.217304 0.092860
0.208672 0.091448
0.200169 0.089952
0.191800 0.088377
0.183568 0.086728
0.175476 0.085011
0.167529 0.083229
0.159730 0.081389
0.152081 0.079496
0.144588 0.077554
0.137252 0.075570
0.130078 0.073548
0.123068 0.071492
0.116226 0.069409
0.109554 0.067301
0.103056 0.065174
0.096734 0.063031
0.090592 0.060876
0.084632 0.058712
0.078856 0.056542
0.073267 0.054370
0.067868 0.052197
0.062662 0.050025
0.057649 0.047858
0.052834 0.045695
0.048217 0.043538
0.043801 0.041389
0.039588 0.039248
0.035579 0.037116
0.031777 0.034992
0.028183 0.032878
0.024799 0.030773
0.021626 0.028677
0.018665 0.026589
0.015919 0.024510
0.013388 0.022439
0.011073 0.020375
0.008975 0.018318
0.007096 0.016267
0.005436 0.014222
0.003996 0.012181
0.002776 0.010144
0.001777 0.008111
0.001000 0.006081
0.000444 0.004053
0.000111 0.002026
0.000000 0.000000
0.000111 -0.000752
0.000444 -0.001501
0.001000 -0.002248
0.001777 -0.002989
0.002776 -0.003724
0.003996 -0.004450
0.005436 -0.005167
0.007096 -0.005872
0.008975 -0.006564
0.011073 -0.007242
0.013388 -0.007905
0.015919 -0.008550
0.018665 -0.009178
0.021626 -0.009788
0.024799 -0.010377
0.028183 -0.010946
0.031777 -0.011494
0.035579 -0.012020
0.039588 -0.012524
0.043801 -0.013006
0.048217 -0.013466
0.052834 -0.013904
0.057649 -0.014320
0.062662 -0.014714
0.067868 -0.015087
0.073267 -0.015440
0.078856 -0.015773
0.084632 -0.016087
0.090592 -0.016384
0.096734 -0.016664
0.103056 -0.016928
0.109554 -0.017178
0.116226 -0.017414
0.123068 -0.017639
0.130078 -0.017852
0.137252 -0.018057
0.144588 -0.018253
0.152081 -0.018441
0.159730 -0.018624
0.167529 -0.018801
0.175476 -0.018974
0.183568 -0.019143
0.191800 -0.019310
0.200169 -0.019473
0.208672 -0.019634
0.217304 -0.019793
0.226062 -0.019950
0.234941 -0.020104
0.243938 -0.020255
0.253049 -0.020403
0.262270 -0.020547
0.271597 -0.020687
0.281025 -0.020820
0.290550 -0.020948
0.300169 -0.021067
0.309876 -0.021178
0.319668 -0.021279
0.329540 -0.021370
0.339488 -0.021448
0.349507 -0.021513
0.359594 -0.021565
0.369742 -0.021601
0.379949 -0.021621
0.390208 -0.021625
0.400517 -0.021612
0.410870 -0.021582
0.421262 -0.021533
0.431690 -0.021467
0.442147 -0.021383
0.452631 -0.021281
0.463136 -0.021162
0.473657 -0.021027
0.484189 -0.020875
0.494729 -0.020708
0.505271 -0.020527
0.515811 -0.020332
0.526343 -0.020126
0.536864 -0.019908
0.547369 -0.019681
0.557853 -0.019445
0.568310 -0.019202
0.578738 -0.018953
0.589130 -0.018699
0.599483 -0.018442
0.609792 -0.018181
0.620051 -0.017919
0.630258 -0.017655
0.640406 -0.017391
0.650493 -0.017127
0.660512 -0.016864
0.670460 -0.016601
0.680332 -0.016338
0.690124 -0.016076
0.699831 -0.015815
0.709450 -0.015553
0.718975 -0.015291
0.728403 -0.015028
0.737730 -0.014763
0.746951 -0.014495
0.756062 -0.014224
0.765059 -0.013950
0.773938 -0.013670
0.782696 -0.013385
0.791328 -0.013093
0.799831 -0.012794
0.808200 -0.012488
0.816432 -0.012174
0.824524 -0.011851
0.832471 -0.011519
0.840270 -0.011179
0.847919 -0.010829
0.855412 -0.010472
0.862748 -0.010105
0.869922 -0.009731
0.876932 -0.009350
0.883774 -0.008962
0.890446 -0.008568
0.896944 -0.008170
0.903266 -0.007769
0.909408 -0.007365
0.915368 -0.006960
0.921144 -0.006556
0.926733 -0.006153
0.932132 -0.005753
0.937338 -0.005358
0.942351 -0.004970
0.947166 -0.004588
0.951783 -0.004215
0.956199 -0.003852
0.960412 -0.003501
0.964421 -0.003161
0.968223 -0.002836
0.971817 -0.002525
0.975201 -0.002229
0.978374 -0.001949
0.981335 -0.001686
0.984081 -0.001441
0.986612 -0.001214
0.988927 -0.001006
0.991025 -0.000816
0.992904 -0.000646
0.994564 -0.000495
0.996004 -0.000364
0.997224 -0.000253
0.998223 -0.000162
0.999000 -0.000091
0.999556 -0.000041
0.999889 -0.000010
1.000000 0.000000
