NACA 2412 optimized
1.000000 0.000000
0.999889 0.000029
0.999556 0.000115
0.999000 0.000258
0.998223 0.000458
0.997224 0.000716
0.996004 0.001029
0.994564 0.001399
0.992904 0.001823
0.991025 0.002303
0.988927 0.002837
0.986612 0.003424
0.984081 0.004063
0.981335 0.004754
0.978374 0.005496
0.975201 0.006286
0.971817 0.007125
0.968223 0.008010
0.964421 0.008941
0.960412 0.009915
0.956199 0.010932
0.951783 0.011990
0.947166 0.013086
0.942351 0.014220
0.937338 0.015389
0.932132 0.016592
0.926733 0.017826
0.921144 0.019091
0.915368 0.020383
0.909408 0.021701
0.903266 0.023044
0.896944 0.024409
0.890446 0.025794
0.883774 0.027198
0.876932 0.028619
0.869922 0.030055
0.862748 0.031504
0.855412 0.032966
0.847919 0.034438
0.840270 0.035919
0.832471 0.037409
0.824524 0.038906
0.816432 0.040408
0.808200 0.041916
0.799831 0.043428
0.791328 0.044943
0.782696 0.046462
0.773938 0.047984
0.765059 0.049507
0.756062 0.051033
0.746951 0.052560
0.737730 0.054089
0.728403 0.055619
0.718975 0.057150
0.709450 0.058682
0.699831 0.060215
0.690124 0.061748
0.680332 0.063280
0.670460 0.064812
0.660512 0.066343
0.650493 0.067871
0.640406 0.069397
0.630258 0.070918
0.620051 0.072433
0.609792 0.073940
0.599483 0.075439
0.589130 0.076925
0.578738 0.078398
0.568310 0.079855
0.557853 0.081292
0.547369 0.082706
0.536864 0.084094
0.526343 0.085453
0.515811 0.086778
0.505271 0.088066
0.494729 0.089312
0.484189 0.090512
0.473657 0.091662
0.463136 0.092757
0.452631 0.093793
0.442147 0.094764
0.431690 0.095668
0.421262 0.096499
0.410870 0.097253
0.400517 0.097927
0.390208 0.098515
0.379949 0.099016
0.369742 0.099426
0.359594 0.099741
0.349507 0.099960
0.339488 0.100080
0.329540 0.100099
0.319668 0.100017
0.309876 0.099832
0.300169 0.099543
0.290550 0.099152
0.281025 0.098659
0.271597 0.098063
0.262270 0.097368
0.253049 0.096575
0.243938 0.095686
0.234941 0.094704
0.226062 0.093632
0.217304 0.092472
0.208672 0.091229
0.200169 0.089907
0.191800 0.088509
0.183568 0.087040
0.175476 0.085503
0.167529 0.083903
0.159730 0.082245
0.152081 0.080533
0.144588 0.078770
0.137252 0.076962
0.130078 0.075111
0.123068 0.073223
0.116226 0.071300
0.109554 0.069346
0.103056 0.067364
0.096734 0.065358
0.090592 0.063329
0.084632 0.061280
0.078856 0.059214
0.073267 0.057132
0.067868 0.055036
0.062662 0.052928
0.057649 0.050808
0.052834 0.048678
0.048217 0.046538
0.043801 0.044390
0.039588 0.042233
0.035579 0.040067
0.031777 0.037894
0.028183 0.035714
0.024799 0.033526
0.021626 0.031331
0.018665 0.029129
0.015919 0.026920
0.013388 0.024704
0.011073 0.022482
0.008975 0.020253
0.007096 0.018019
0.005436 0.015779
0.003996 0.013535
0.002776 0.011286
0.001777 0.009033
0.001000 0.006778
0.000444 0.004520
0.000111 0.002260
0.000000 0.000000
0.000111 -0.000803
0.000444 -0.001607
0.001000 -0.002411
0.001777 -0.003216
0.002776 -0.004023
0.003996 -0.004831
0.005436 -0.005640
0.007096 -0.006450
0.008975 -0.007262
0.011073 -0.008075
0.013388 -0.008888
0.015919 -0.009701
0.018665 -0.010514
0.021626 -0.011326
0.024799 -0.012136
0.028183 -0.012942
0.031777 -0.013744
0.035579 -0.014541
0.039588 -0.015331
0.043801 -0.016113
0.048217 -0.016885
0.052834 -0.017647
0.057649 -0.018396
0.062662 -0.019131
0.067868 -0.019850
0.073267 -0.020553
0.078856 -0.021238
0.084632 -0.021903
0.090592 -0.022548
0.096734 -0.023171
0.103056 -0.023771
0.109554 -0.024348
0.116226 -0.024901
0.123068 -0.025429
0.130078 -0.025931
0.137252 -0.026408
0.144588 -0.026860
0.152081 -0.027285
0.159730 -0.027686
0.167529 -0.028061
0.175476 -0.028411
0.183568 -0.028738
0.191800 -0.029040
0.200169 -0.029320
0.208672 -0.029577
0.217304 -0.029814
0.226062 -0.030029
0.234941 -0.030226
0.243938 -0.030403
0.253049 -0.030563
0.262270 -0.030705
0.271597 -0.030831
0.281025 -0.030942
0.290550 -0.031038
0.300169 -0.031120
0.309876 -0.031188
0.319668 -0.031243
0.329540 -0.031285
0.339488 -0.031315
0.349507 -0.031331
0.359594 -0.031336
0.369742 -0.031328
0.379949 -0.031307
0.390208 -0.031274
0.400517 -0.031228
0.410870 -0.031168
0.421262 -0.031095
0.431690 -0.031007
0.442147 -0.030905
0.452631 -0.030788
0.463136 -0.030656
0.473657 -0.030508
0.484189 -0.030344
0.494729 -0.030163
0.505271 -0.029965
0.515811 -0.029749
0.526343 -0.029516
0.536864 -0.029266
0.547369 -0.028997
0.557853 -0.028710
0.568310 -0.028405
0.578738 -0.028083
0.589130 -0.027742
0.599483 -0.027384
0.609792 -0.027009
0.620051 -0.026616
0.630258 -0.026208
0.640406 -0.025783
0.650493 -0.025343
0.660512 -0.024888
0.670460 -0.024419
0.680332 -0.023937
0.690124 -0.023442
0.699831 -0.022935
0.709450 -0.022417
0.718975 -0.021889
0.728403 -0.021351
0.737730 -0.020805
0.746951 -0.020251
0.756062 -0.019691
0.765059 -0.019124
0.773938 -0.018553
0.782696 -0.017977
0.791328 -0.017398
0.799831 -0.016816
0.808200 -0.016233
0.816432 -0.015649
0.824524 -0.015065
0.832471 -0.014482
0.840270 -0.013901
0.847919 -0.013322
0.855412 -0.012746
0.862748 -0.012175
0.869922 -0.011608
0.876932 -0.011047
0.883774 -0.010492
0.890446 -0.009944
0.896944 -0.009404
0.903266 -0.008873
0.909408 -0.008351
0.915368 -0.007839
0.921144 -0.007338
0.926733 -0.006848
0.932132 -0.006371
0.937338 -0.005906
0.942351 -0.005455
0.947166 -0.005018
0.951783 -0.004596
0.956199 -0.004189
0.960412 -0.003798
0.964421 -0.003424
0.968223 -0.003067
0.971817 -0.002727
0.975201 -0.002406
0.978374 -0.002103
0.981335 -0.001819
0.984081 -0.001554
0.986612 -0.001310
0.988927 -0.001085
0.991025 -0.000881
0.992904 -0.000697
0.994564 -0.000535
0.996004 -0.000393
0.997224 -0.000274
0.998223 -0.000175
0.999000 -0.000099
0.999556 -0.000044
0.999889 -0.000011
1.000000 0.000000
