NACA 23012 optimized
1.000000 0.000000
0.999889 0.000022
0.999556 0.000089
0.999000 0.000201
0.998223 0.000356
0.997224 0.000556
0.996004 0.000799
0.994564 0.001085
0.992904 0.001414
0.991025 0.001784
0.988927 0.002196
0.986612 0.002649
0.984081 0.003141
0.981335 0.003673
0.978374 0.004243
0.975201 0.004850
0.971817 0.005494
0.968223 0.006173
0.964421 0.006887
0.960412 0.007635
0.956199 0.008417
0.951783 0.009230
0.947166 0.010075
0.942351 0.010951
0.937338 0.011857
0.932132 0.012792
0.926733 0.013756
0.921144 0.014748
0.915368 0.015767
0.909408 0.016814
0.903266 0.017887
0.896944 0.018986
0.890446 0.020110
0.883774 0.021260
0.876932 0.022435
0.869922 0.023635
0.862748 0.024859
0.855412 0.026107
0.847919 0.027378
0.840270 0.028674
0.832471 0.029992
0.824524 0.031333
0.816432 0.032697
0.808200 0.034083
0.799831 0.035491
0.791328 0.036919
0.782696 0.038369
0.773938 0.039839
0.765059 0.041328
0.756062 0.042835
0.746951 0.044360
0.737730 0.045902
0.728403 0.047460
0.718975 0.049032
0.709450 0.050617
0.699831 0.052213
0.690124 0.053819
0.680332 0.055434
0.670460 0.057055
0.660512 0.058680
0.650493 0.060307
0.640406 0.061934
0.630258 0.063557
0.620051 0.065176
0.609792 0.066786
0.599483 0.068385
0.589130 0.069969
0.578738 0.071536
0.568310 0.073083
0.557853 0.074605
0.547369 0.076099
0.536864 0.077561
0.526343 0.078989
0.515811 0.080377
0.505271 0.081723
0.494729 0.083022
0.484189 0.084270
0.473657 0.085464
0.463136 0.086599
0.452631 0.087673
0.442147 0.088680
0.431690 0.089617
0.421262 0.090482
0.410870 0.091269
0.400517 0.091977
0.390208 0.092602
0.379949 0.093140
0.369742 0.093590
0.359594 0.093949
0.349507 0.094215
0.339488 0.094385
0.329540 0.094458
0.319668 0.094433
0.309876 0.094309
0.300169 0.094084
0.290550 0.093759
0.281025 0.093334
0.271597 0.092809
0.262270 0.092185
0.253049 0.091462
0.243938 0.090642
0.234941 0.089727
0.226062 0.088719
0.217304 0.087620
0.208672 0.086432
0.200169 0.085160
0.191800 0.083805
0.183568 0.082372
0.175476 0.080864
0.167529 0.079286
0.159730 0.077640
0.152081 0.075932
0.144588 0.074165
0.137252 0.072344
0.130078 0.070474
0.123068 0.068560
0.116226 0.066605
0.109554 0.064614
0.103056 0.062592
0.096734 0.060543
0.090592 0.058472
0.084632 0.056382
0.078856 0.054277
0.073267 0.052162
0.067868 0.050040
0.062662 0.047915
0.057649 0.045789
0.052834 0.043665
0.048217 0.041546
0.043801 0.039435
0.039588 0.037333
0.035579 0.035243
0.031777 0.033166
0.028183 0.031103
0.024799 0.029055
0.021626 0.027022
0.018665 0.025006
0.015919 0.023006
0.013388 0.021022
0.011073 0.019054
0.008975 0.017100
0.007096 0.015161
0.005436 0.013235
0.003996 0.011321
0.002776 0.009417
0.001777 0.007523
0.001000 0.005636
0.000444 0.003754
0.000111 0.001876
0.000000 0.000000
0.000111 -0.000906
0.000444 -0.001812
0.001000 -0.002718
0.001777 -0.003622
0.002776 -0.004524
0.003996 -0.005425
0.005436 -0.006323
0.007096 -0.007219
0.008975 -0.008112
0.011073 -0.009002
0.013388 -0.009888
0.015919 -0.010772
0.018665 -0.011652
0.021626 -0.012528
0.024799 -0.013400
0.028183 -0.014268
0.031777 -0.015132
0.035579 -0.015991
0.039588 -0.016846
0.043801 -0.017696
0.048217 -0.018540
0.052834 -0.019379
0.057649 -0.020212
0.062662 -0.021037
0.067868 -0.021856
0.073267 -0.022665
0.078856 -0.023466
0.084632 -0.024256
0.090592 -0.025034
0.096734 -0.025799
0.103056 -0.026551
0.109554 -0.027286
0.116226 -0.028004
0.123068 -0.028703
0.130078 -0.029382
0.137252 -0.030037
0.144588 -0.030668
0.152081 -0.031273
0.159730 -0.031850
0.167529 -0.032397
0.175476 -0.032912
0.183568 -0.033393
0.191800 -0.033840
0.200169 -0.034250
0.208672 -0.034623
0.217304 -0.034957
0.226062 -0.035251
0.234941 -0.035504
0.243938 -0.035717
0.253049 -0.035888
0.262270 -0.036017
0.271597 -0.036105
0.281025 -0.036152
0.290550 -0.036158
0.300169 -0.036125
0.309876 -0.036053
0.319668 -0.035943
0.329540 -0.035798
0.339488 -0.035618
0.349507 -0.035405
0.359594 -0.035162
0.369742 -0.034890
0.379949 -0.034591
0.390208 -0.034267
0.400517 -0.033921
0.410870 -0.033554
0.421262 -0.033169
0.431690 -0.032768
0.442147 -0.032353
0.452631 -0.031926
0.463136 -0.031489
0.473657 -0.031043
0.484189 -0.030590
0.494729 -0.030132
0.505271 -0.029669
0.515811 -0.029204
0.526343 -0.028737
0.536864 -0.028269
0.547369 -0.027800
0.557853 -0.027332
0.568310 -0.026864
0.578738 -0.026398
0.589130 -0.025932
0.599483 -0.025468
0.609792 -0.025005
0.620051 -0.024543
0.630258 -0.024081
0.640406 -0.023620
0.650493 -0.023160
0.660512 -0.022699
0.670460 -0.022238
0.680332 -0.021776
0.690124 -0.021312
0.699831 -0.020848
0.709450 -0.020381
0.718975 -0.019913
0.728403 -0.019442
0.737730 -0.018969
0.746951 -0.018493
0.756062 -0.018015
0.765059 -0.017535
0.773938 -0.017052
0.782696 -0.016566
0.791328 -0.016079
0.799831 -0.015589
0.808200 -0.015098
0.816432 -0.014605
0.824524 -0.014111
0.832471 -0.013617
0.840270 -0.013122
0.847919 -0.012627
0.855412 -0.012133
0.862748 -0.011640
0.869922 -0.011149
0.876932 -0.010660
0.883774 -0.010173
0.890446 -0.009689
0.896944 -0.009209
0.903266 -0.008734
0.909408 -0.008263
0.915368 -0.007798
0.921144 -0.007339
0.926733 -0.006886
0.932132 -0.006441
0.937338 -0.006004
0.942351 -0.005576
0.947166 -0.005158
0.951783 -0.004750
0.956199 -0.004353
0.960412 -0.003968
0.964421 -0.003596
0.968223 -0.003238
0.971817 -0.002894
0.975201 -0.002565
0.978374 -0.002253
0.981335 -0.001957
0.984081 -0.001680
0.986612 -0.001421
0.988927 -0.001181
0.991025 -0.000962
0.992904 -0.000764
0.994564 -0.000588
0.996004 -0.000434
0.997224 -0.000302
0.998223 -0.000194
0.999000 -0.000109
0.999556 -0.000049
0.999889 -0.000012
1.000000 0.000000
