NACA 2412 optimized
1.000000 0.000000
0.999889 0.000020
0.999556 0.000078
0.999000 0.000176
0.998223 0.000312
0.997224 0.000487
0.996004 0.000700
0.994564 0.000951
0.992904 0.001239
0.991025 0.001565
0.988927 0.001928
0.986612 0.002327
0.984081 0.002763
0.981335 0.003235
0.978374 0.003742
0.975201 0.004285
0.971817 0.004864
0.968223 0.005479
0.964421 0.006130
0.960412 0.006817
0.956199 0.007541
0.951783 0.008302
0.947166 0.009100
0.942351 0.009938
0.937338 0.010814
0.932132 0.011731
0.926733 0.012689
0.921144 0.013690
0.915368 0.014733
0.909408 0.015821
0.903266 0.016954
0.896944 0.018133
0.890446 0.019359
0.883774 0.020632
0.876932 0.021954
0.869922 0.023324
0.862748 0.024744
0.855412 0.026212
0.847919 0.027728
0.840270 0.029293
0.832471 0.030905
0.824524 0.032564
0.816432 0.034268
0.808200 0.036015
0.799831 0.037804
0.791328 0.039632
0.782696 0.041497
0.773938 0.043397
0.765059 0.045327
0.756062 0.047286
0.746951 0.049269
0.737730 0.051272
0.728403 0.053293
0.718975 0.055325
0.709450 0.057366
0.699831 0.059410
0.690124 0.061454
0.680332 0.063492
0.670460 0.065520
0.660512 0.067533
0.650493 0.069526
0.640406 0.071495
0.630258 0.073434
0.620051 0.075340
0.609792 0.077206
0.599483 0.079029
0.589130 0.080805
0.578738 0.082528
0.568310 0.084195
0.557853 0.085801
0.547369 0.087342
0.536864 0.088815
0.526343 0.090215
0.515811 0.091540
0.505271 0.092785
0.494729 0.093947
0.484189 0.095024
0.473657 0.096012
0.463136 0.096909
0.452631 0.097713
0.442147 0.098421
0.431690 0.099032
0.421262 0.099543
0.410870 0.099953
0.400517 0.100262
0.390208 0.100468
0.379949 0.100571
0.369742 0.100570
0.359594 0.100466
0.349507 0.100259
0.339488 0.099949
0.329540 0.099539
0.319668 0.099029
0.309876 0.098420
0.300169 0.097716
0.290550 0.096918
0.281025 0.096029
0.271597 0.095052
0.262270 0.093990
0.253049 0.092847
0.243938 0.091627
0.234941 0.090334
0.226062 0.088971
0.217304 0.087542
0.208672 0.086054
0.200169 0.084509
0.191800 0.082912
0.183568 0.081267
0.175476 0.079580
0.167529 0.077854
0.159730 0.076094
0.152081 0.074303
0.144588 0.072486
0.137252 0.070646
0.130078 0.068786
0.123068 0.066910
0.116226 0.065021
0.109554 0.063121
0.103056 0.061212
0.096734 0.059296
0.090592 0.057375
0.084632 0.055450
0.078856 0.053523
0.073267 0.051593
0.067868 0.049661
0.062662 0.047728
0.057649 0.045794
0.052834 0.043858
0.048217 0.041920
0.043801 0.039979
0.039588 0.038035
0.035579 0.036088
0.031777 0.034136
0.028183 0.032179
0.024799 0.030216
0.021626 0.028248
0.018665 0.026272
0.015919 0.024290
0.013388 0.022300
0.011073 0.020302
0.008975 0.018298
0.007096 0.016286
0.005436 0.014267
0.003996 0.012242
0.002776 0.010211
0.001777 0.008175
0.001000 0.006135
0.000444 0.004092
0.000111 0.002047
0.000000 0.000000
0.000111 -0.000963
0.000444 -0.001926
0.001000 -0.002888
0.001777 -0.003847
0.002776 -0.004804
0.003996 -0.005756
0.005436 -0.006705
0.007096 -0.007648
0.008975 -0.008584
0.011073 -0.009512
0.013388 -0.010432
0.015919 -0.011341
0.018665 -0.012239
0.021626 -0.013123
0.024799 -0.013992
0.028183 -0.014844
0.031777 -0.015678
0.035579 -0.016492
0.039588 -0.017283
0.043801 -0.018050
0.048217 -0.018790
0.052834 -0.019502
0.057649 -0.020184
0.062662 -0.020834
0.067868 -0.021450
0.073267 -0.022030
0.078856 -0.022572
0.084632 -0.023076
0.090592 -0.023539
0.096734 -0.023961
0.103056 -0.024340
0.109554 -0.024675
0.116226 -0.024967
0.123068 -0.025215
0.130078 -0.025418
0.137252 -0.025578
0.144588 -0.025693
0.152081 -0.025765
0.159730 -0.025796
0.167529 -0.025785
0.175476 -0.025734
0.183568 -0.025646
0.191800 -0.025522
0.200169 -0.025363
0.208672 -0.025173
0.217304 -0.024954
0.226062 -0.024707
0.234941 -0.024436
0.243938 -0.024144
0.253049 -0.023832
0.262270 -0.023505
0.271597 -0.023164
0.281025 -0.022813
0.290550 -0.022454
0.300169 -0.022089
0.309876 -0.021722
0.319668 -0.021354
0.329540 -0.020988
0.339488 -0.020626
0.349507 -0.020269
0.359594 -0.019919
0.369742 -0.019578
0.379949 -0.019247
0.390208 -0.018927
0.400517 -0.018617
0.410870 -0.018320
0.421262 -0.018035
0.431690 -0.017762
0.442147 -0.017502
0.452631 -0.017253
0.463136 -0.017015
0.473657 -0.016788
0.484189 -0.016571
0.494729 -0.016363
0.505271 -0.016162
0.515811 -0.015968
0.526343 -0.015779
0.536864 -0.015594
0.547369 -0.015413
0.557853 -0.015233
0.568310 -0.015054
0.578738 -0.014874
0.589130 -0.014692
0.599483 -0.014507
0.609792 -0.014319
0.620051 -0.014126
0.630258 -0.013928
0.640406 -0.013723
0.650493 -0.013513
0.660512 -0.013295
0.670460 -0.013071
0.680332 -0.012839
0.690124 -0.012600
0.699831 -0.012354
0.709450 -0.012101
0.718975 -0.011841
0.728403 -0.011575
0.737730 -0.011304
0.746951 -0.011026
0.756062 -0.010744
0.765059 -0.010458
0.773938 -0.010168
0.782696 -0.009875
0.791328 -0.009580
0.799831 -0.009283
0.808200 -0.008984
0.816432 -0.008685
0.824524 -0.008386
0.832471 -0.008087
0.840270 -0.007789
0.847919 -0.007492
0.855412 -0.007197
0.862748 -0.006903
0.869922 -0.006612
0.876932 -0.006323
0.883774 -0.006037
0.890446 -0.005754
0.896944 -0.005474
0.903266 -0.005197
0.909408 -0.004923
0.915368 -0.004653
0.921144 -0.004387
0.926733 -0.004125
0.932132 -0.003866
0.937338 -0.003612
0.942351 -0.003363
0.947166 -0.003119
0.951783 -0.002880
0.956199 -0.002646
0.960412 -0.002419
0.964421 -0.002199
0.968223 -0.001985
0.971817 -0.001779
0.975201 -0.001581
0.978374 -0.001393
0.981335 -0.001213
0.984081 -0.001044
0.986612 -0.000885
0.988927 -0.000738
0.991025 -0.000602
0.992904 -0.000479
0.994564 -0.000369
0.996004 -0.000273
0.997224 -0.000190
0.998223 -0.000122
0.999000 -0.000069
0.999556 -0.000031
0.999889 -0.000008
1.000000 0.000000
