NACA 2412 optimized
1.000000 0.000000
0.999889 0.000027
0.999556 0.000107
0.999000 0.000240
0.998223 0.000426
0.997224 0.000664
0.996004 0.000955
0.994564 0.001298
0.992904 0.001691
0.991025 0.002136
0.988927 0.002630
0.986612 0.003173
0.984081 0.003765
0.981335 0.004405
0.978374 0.005093
0.975201 0.005826
0.971817 0.006605
0.968223 0.007430
0.964421 0.008298
0.960412 0.009211
0.956199 0.010166
0.951783 0.011164
0.947166 0.012204
0.942351 0.013285
0.937338 0.014407
0.932132 0.015570
0.926733 0.016773
0.921144 0.018015
0.915368 0.019296
0.909408 0.020616
0.903266 0.021973
0.896944 0.023368
0.890446 0.024800
0.883774 0.026267
0.876932 0.027770
0.869922 0.029306
0.862748 0.030876
0.855412 0.032478
0.847919 0.034110
0.840270 0.035772
0.832471 0.037462
0.824524 0.039177
0.816432 0.040917
0.808200 0.042679
0.799831 0.044461
0.791328 0.046261
0.782696 0.048077
0.773938 0.049906
0.765059 0.051745
0.756062 0.053591
0.746951 0.055443
0.737730 0.057297
0.728403 0.059150
0.718975 0.060999
0.709450 0.062842
0.699831 0.064675
0.690124 0.066495
0.680332 0.068299
0.670460 0.070085
0.660512 0.071849
0.650493 0.073588
0.640406 0.075300
0.630258 0.076981
0.620051 0.078629
0.609792 0.080241
0.599483 0.081815
0.589130 0.083346
0.578738 0.084834
0.568310 0.086275
0.557853 0.087667
0.547369 0.089008
0.536864 0.090294
0.526343 0.091523
0.515811 0.092694
0.505271 0.093804
0.494729 0.094849
0.484189 0.095829
0.473657 0.096741
0.463136 0.097583
0.452631 0.098352
0.442147 0.099047
0.431690 0.099665
0.421262 0.100205
0.410870 0.100665
0.400517 0.101042
0.390208 0.101336
0.379949 0.101544
0.369742 0.101666
0.359594 0.101701
0.349507 0.101646
0.339488 0.101502
0.329540 0.101267
0.319668 0.100942
0.309876 0.100526
0.300169 0.100019
0.290550 0.099422
0.281025 0.098736
0.271597 0.097960
0.262270 0.097098
0.253049 0.096149
0.243938 0.095115
0.234941 0.094000
0.226062 0.092804
0.217304 0.091531
0.208672 0.090183
0.200169 0.088763
0.191800 0.087274
0.183568 0.085720
0.175476 0.084104
0.167529 0.082429
0.159730 0.080700
0.152081 0.078920
0.144588 0.077092
0.137252 0.075222
0.130078 0.073311
0.123068 0.071365
0.116226 0.069386
0.109554 0.067378
0.103056 0.065345
0.096734 0.063289
0.090592 0.061215
0.084632 0.059124
0.078856 0.057020
0.073267 0.054905
0.067868 0.052782
0.062662 0.050652
0.057649 0.048518
0.052834 0.046380
0.048217 0.044242
0.043801 0.042103
0.039588 0.039966
0.035579 0.037831
0.031777 0.035698
0.028183 0.033569
0.024799 0.031443
0.021626 0.029322
0.018665 0.027205
0.015919 0.025092
0.013388 0.022983
0.011073 0.020879
0.008975 0.018779
0.007096 0.016682
0.005436 0.014589
0.003996 0.012499
0.002776 0.010412
0.001777 0.008326
0.001000 0.006243
0.000444 0.004161
0.000111 0.002080
0.000000 0.000000
0.000111 -0.000880
0.000444 -0.001758
0.001000 -0.002632
0.001777 -0.003500
0.002776 -0.004359
0.003996 -0.005208
0.005436 -0.006044
0.007096 -0.006867
0.008975 -0.007675
0.011073 -0.008465
0.013388 -0.009238
0.015919 -0.009991
0.018665 -0.010724
0.021626 -0.011436
0.024799 -0.012127
0.028183 -0.012796
0.031777 -0.013442
0.035579 -0.014066
0.039588 -0.014668
0.043801 -0.015248
0.048217 -0.015806
0.052834 -0.016343
0.057649 -0.016860
0.062662 -0.017357
0.067868 -0.017834
0.073267 -0.018294
0.078856 -0.018735
0.084632 -0.019161
0.090592 -0.019570
0.096734 -0.019965
0.103056 -0.020346
0.109554 -0.020713
0.116226 -0.021068
0.123068 -0.021411
0.130078 -0.021742
0.137252 -0.022063
0.144588 -0.022373
0.152081 -0.022672
0.159730 -0.022962
0.167529 -0.023241
0.175476 -0.023510
0.183568 -0.023768
0.191800 -0.024016
0.200169 -0.024252
0.208672 -0.024477
0.217304 -0.024689
0.226062 -0.024889
0.234941 -0.025075
0.243938 -0.025247
0.253049 -0.025405
0.262270 -0.025546
0.271597 -0.025672
0.281025 -0.025781
0.290550 -0.025872
0.300169 -0.025945
0.309876 -0.026000
0.319668 -0.026036
0.329540 -0.026052
0.339488 -0.026049
0.349507 -0.026027
0.359594 -0.025985
0.369742 -0.025923
0.379949 -0.025843
0.390208 -0.025743
0.400517 -0.025625
0.410870 -0.025490
0.421262 -0.025337
0.431690 -0.025168
0.442147 -0.024983
0.452631 -0.024783
0.463136 -0.024570
0.473657 -0.024344
0.484189 -0.024106
0.494729 -0.023858
0.505271 -0.023600
0.515811 -0.023333
0.526343 -0.023059
0.536864 -0.022778
0.547369 -0.022492
0.557853 -0.022201
0.568310 -0.021905
0.578738 -0.021607
0.589130 -0.021305
0.599483 -0.021001
0.609792 -0.020696
0.620051 -0.020388
0.630258 -0.020079
0.640406 -0.019769
0.650493 -0.019458
0.660512 -0.019145
0.670460 -0.018830
0.680332 -0.018513
0.690124 -0.018195
0.699831 -0.017873
0.709450 -0.017549
0.718975 -0.017221
0.728403 -0.016889
0.737730 -0.016553
0.746951 -0.016211
0.756062 -0.015865
0.765059 -0.015512
0.773938 -0.015153
0.782696 -0.014788
0.791328 -0.014416
0.799831 -0.014038
0.808200 -0.013652
0.816432 -0.013259
0.824524 -0.012859
0.832471 -0.012453
0.840270 -0.012040
0.847919 -0.011621
0.855412 -0.011196
0.862748 -0.010767
0.869922 -0.010334
0.876932 -0.009897
0.883774 -0.009457
0.890446 -0.009016
0.896944 -0.008574
0.903266 -0.008132
0.909408 -0.007692
0.915368 -0.007254
0.921144 -0.006820
0.926733 -0.006391
0.932132 -0.005968
0.937338 -0.005552
0.942351 -0.005144
0.947166 -0.004745
0.951783 -0.004358
0.956199 -0.003981
0.960412 -0.003617
0.964421 -0.003267
0.968223 -0.002931
0.971817 -0.002610
0.975201 -0.002306
0.978374 -0.002017
0.981335 -0.001747
0.984081 -0.001494
0.986612 -0.001259
0.988927 -0.001044
0.991025 -0.000848
0.992904 -0.000671
0.994564 -0.000515
0.996004 -0.000379
0.997224 -0.000264
0.998223 -0.000169
0.999000 -0.000095
0.999556 -0.000042
0.999889 -0.000011
1.000000 0.000000
