X2_run2
   1.0000000   0.0000000
   0.9899622   0.0020269
   0.9782661   0.0043899
   0.9657653   0.0069163
   0.9526677   0.0095636
   0.9390793   0.0123096
   0.9250675   0.0151397
   0.9106804   0.0180426
   0.8959554   0.0210093
   0.8809232   0.0240315
   0.8656100   0.0271015
   0.8500389   0.0302119
   0.8342307   0.0333553
   0.8182049   0.0365241
   0.8019793   0.0397108
   0.7855710   0.0429071
   0.7689961   0.0461048
   0.7522704   0.0492951
   0.7354086   0.0524687
   0.7184257   0.0556160
   0.7013359   0.0587269
   0.6841531   0.0617909
   0.6668912   0.0647967
   0.6495638   0.0677329
   0.6321844   0.0705878
   0.6147666   0.0733492
   0.5973237   0.0760046
   0.5798693   0.0785416
   0.5624167   0.0809477
   0.5449799   0.0832105
   0.5275727   0.0853180
   0.5102091   0.0872583
   0.4929034   0.0890207
   0.4756702   0.0905947
   0.4585242   0.0919712
   0.4414807   0.0931420
   0.4245546   0.0941004
   0.4077617   0.0948408
   0.3911174   0.0953592
   0.3746375   0.0956533
   0.3583376   0.0957223
   0.3422334   0.0955667
   0.3263404   0.0951887
   0.3106740   0.0945921
   0.2952492   0.0937816
   0.2800808   0.0927633
   0.2651832   0.0915444
   0.2505705   0.0901327
   0.2362561   0.0885371
   0.2222533   0.0867668
   0.2085748   0.0848314
   0.1952329   0.0827410
   0.1822394   0.0805056
   0.1696057   0.0781354
   0.1573429   0.0756407
   0.1454615   0.0730313
   0.1339721   0.0703173
   0.1228845   0.0675081
   0.1122086   0.0646130
   0.1019539   0.0616411
   0.0921296   0.0586010
   0.0827453   0.0555009
   0.0738098   0.0523489
   0.0653326   0.0491525
   0.0573231   0.0459191
   0.0497910   0.0426558
   0.0427457   0.0393691
   0.0361986   0.0360664
   0.0301602   0.0327543
   0.0246434   0.0294409
   0.0196618   0.0261350
   0.0152300   0.0228477
   0.0113643   0.0195945
   0.0080803   0.0163968
   0.0053914   0.0132872
   0.0033012   0.0103129
   0.0017931   0.0075394
   0.0008161   0.0050476
   0.0002770   0.0029204
   0.0000493   0.0012249
   0.0000000   0.0000000
   0.0000485  -0.0012007
   0.0002811  -0.0028614
   0.0008590  -0.0049328
   0.0019546  -0.0073154
   0.0036997  -0.0098689
   0.0061510  -0.0124530
   0.0093009  -0.0149645
   0.0131106  -0.0173447
   0.0175362  -0.0195671
   0.0225387  -0.0216234
   0.0280860  -0.0235140
   0.0341525  -0.0252431
   0.0407173  -0.0268166
   0.0477631  -0.0282410
   0.0552750  -0.0295225
   0.0632399  -0.0306677
   0.0716461  -0.0316828
   0.0804820  -0.0325738
   0.0897379  -0.0333470
   0.0994032  -0.0340080
   0.1094688  -0.0345629
   0.1199249  -0.0350172
   0.1307621  -0.0353765
   0.1419710  -0.0356461
   0.1535422  -0.0358312
   0.1654660  -0.0359367
   0.1777329  -0.0359676
   0.1903332  -0.0359283
   0.2032570  -0.0358232
   0.2164942  -0.0356563
   0.2300343  -0.0354317
   0.2438672  -0.0351530
   0.2579820  -0.0348237
   0.2723680  -0.0344471
   0.2870144  -0.0340263
   0.3019098  -0.0335642
   0.3170426  -0.0330637
   0.3324017  -0.0325272
   0.3479748  -0.0319574
   0.3637505  -0.0313564
   0.3797164  -0.0307266
   0.3958602  -0.0300701
   0.4121697  -0.0293887
   0.4286323  -0.0286844
   0.4452347  -0.0279590
   0.4619649  -0.0272143
   0.4788090  -0.0264518
   0.4957544  -0.0256732
   0.5127877  -0.0248799
   0.5298955  -0.0240735
   0.5470642  -0.0232553
   0.5642802  -0.0224267
   0.5815296  -0.0215890
   0.5987987  -0.0207435
   0.6160731  -0.0198915
   0.6333391  -0.0190340
   0.6505821  -0.0181725
   0.6677878  -0.0173078
   0.6849416  -0.0164414
   0.7020288  -0.0155741
   0.7190345  -0.0147073
   0.7359434  -0.0138418
   0.7527401  -0.0129789
   0.7694092  -0.0121196
   0.7859343  -0.0112650
   0.8022989  -0.0104161
   0.8184861  -0.0095742
   0.8344781  -0.0087402
   0.8502556  -0.0079155
   0.8657999  -0.0071010
   0.8810881  -0.0062983
   0.8960977  -0.0055086
   0.9108017  -0.0047335
   0.9251689  -0.0039748
   0.9391615  -0.0032346
   0.9527324  -0.0025154
   0.9658127  -0.0018210
   0.9782963  -0.0011571
   0.9899771  -0.0005349
   1.0000000   0.0000000
