X2_run1
   1.0000000   0.0000000
   0.9900155   0.0023786
   0.9783808   0.0051500
   0.9659451   0.0081099
   0.9529146   0.0112064
   0.9393942   0.0144116
   0.9254501   0.0177060
   0.9111298   0.0210745
   0.8964699   0.0245037
   0.8815001   0.0279819
   0.8662459   0.0314978
   0.8507296   0.0350404
   0.8349714   0.0385988
   0.8189898   0.0421623
   0.8028023   0.0457200
   0.7864252   0.0492609
   0.7698743   0.0527737
   0.7531647   0.0562472
   0.7363112   0.0596698
   0.7193284   0.0630301
   0.7022303   0.0663163
   0.6850313   0.0695165
   0.6677453   0.0726192
   0.6503863   0.0756125
   0.6329685   0.0784849
   0.6155059   0.0812250
   0.5980128   0.0838218
   0.5805036   0.0862646
   0.5629929   0.0885432
   0.5454952   0.0906480
   0.5280257   0.0925700
   0.5105993   0.0943011
   0.4932313   0.0958339
   0.4759372   0.0971621
   0.4587325   0.0982802
   0.4416330   0.0991840
   0.4246544   0.0998702
   0.4078127   0.1003367
   0.3911235   0.1005826
   0.3746027   0.1006080
   0.3582661   0.1004142
   0.3421289   0.1000037
   0.3262068   0.0993799
   0.3105148   0.0985471
   0.2950676   0.0975107
   0.2798798   0.0962767
   0.2649657   0.0948520
   0.2503390   0.0932441
   0.2360131   0.0914609
   0.2220012   0.0895109
   0.2083159   0.0874031
   0.1949693   0.0851466
   0.1819733   0.0827506
   0.1693395   0.0802247
   0.1570787   0.0775784
   0.1452018   0.0748212
   0.1337193   0.0719628
   0.1226411   0.0690124
   0.1119768   0.0659792
   0.1017362   0.0628725
   0.0919285   0.0597011
   0.0825630   0.0564738
   0.0736485   0.0531988
   0.0651941   0.0498844
   0.0572091   0.0465389
   0.0497027   0.0431699
   0.0426840   0.0397853
   0.0361634   0.0363929
   0.0301515   0.0330009
   0.0246597   0.0296181
   0.0197002   0.0262541
   0.0152866   0.0229208
   0.0114338   0.0196342
   0.0081558   0.0164153
   0.0054644   0.0132952
   0.0033632   0.0103179
   0.0018379   0.0075454
   0.0008419   0.0050544
   0.0002874   0.0029259
   0.0000514   0.0012276
   0.0000000   0.0000000
   0.0000503  -0.0012020
   0.0002894  -0.0028639
   0.0008749  -0.0049359
   0.0019686  -0.0073232
   0.0036901  -0.0098978
   0.0060923  -0.0125341
   0.0091733  -0.0151376
   0.0129040  -0.0176500
   0.0172483  -0.0200401
   0.0221725  -0.0222932
   0.0276477  -0.0244032
   0.0336498  -0.0263689
   0.0401586  -0.0281914
   0.0471565  -0.0298730
   0.0546285  -0.0314167
   0.0625607  -0.0328260
   0.0709410  -0.0341048
   0.0797578  -0.0352570
   0.0890000  -0.0362866
   0.0986569  -0.0371980
   0.1087186  -0.0379955
   0.1191745  -0.0386833
   0.1300152  -0.0392658
   0.1412307  -0.0397475
   0.1528111  -0.0401325
   0.1647464  -0.0404251
   0.1770265  -0.0406295
   0.1896417  -0.0407496
   0.2025816  -0.0407896
   0.2158360  -0.0407531
   0.2293940  -0.0406440
   0.2432454  -0.0404658
   0.2573794  -0.0402221
   0.2717845  -0.0399163
   0.2864502  -0.0395515
   0.3013649  -0.0391310
   0.3165174  -0.0386578
   0.3318955  -0.0381348
   0.3474878  -0.0375649
   0.3632823  -0.0369508
   0.3792665  -0.0362951
   0.3954284  -0.0356004
   0.4117558  -0.0348692
   0.4282354  -0.0341038
   0.4448551  -0.0333066
   0.4616018  -0.0324797
   0.4784622  -0.0316255
   0.4954234  -0.0307459
   0.5124721  -0.0298431
   0.5295949  -0.0289189
   0.5467782  -0.0279755
   0.5640082  -0.0270146
   0.5812714  -0.0260380
   0.5985539  -0.0250476
   0.6158414  -0.0240452
   0.6331201  -0.0230324
   0.6503754  -0.0220109
   0.6675932  -0.0209824
   0.6847587  -0.0199485
   0.7018573  -0.0189108
   0.7188740  -0.0178708
   0.7357939  -0.0168301
   0.7526012  -0.0157902
   0.7692803  -0.0147527
   0.7858156  -0.0137190
   0.8021900  -0.0126907
   0.8183865  -0.0116693
   0.8343878  -0.0106564
   0.8501742  -0.0096536
   0.8657273  -0.0086624
   0.8810243  -0.0076846
   0.8960419  -0.0067221
   0.9107537  -0.0057769
   0.9251291  -0.0048511
   0.9391296  -0.0039477
   0.9527073  -0.0030698
   0.9657946  -0.0022222
   0.9782849  -0.0014119
   0.9899716  -0.0006526
   1.0000000   0.0000000
