X2_run3
   1.0000000   0.0000000
   0.9901072   0.0028316
   0.9785743   0.0061106
   0.9662410   0.0095898
   0.9533109   0.0132057
   0.9398868   0.0169238
   0.9260340   0.0207204
   0.9117998   0.0245767
   0.8972195   0.0284770
   0.8823233   0.0324069
   0.8671347   0.0363535
   0.8516762   0.0403037
   0.8359686   0.0442447
   0.8200286   0.0481641
   0.8038743   0.0520489
   0.7875217   0.0558862
   0.7709860   0.0596628
   0.7542825   0.0633651
   0.7374255   0.0669795
   0.7204298   0.0704919
   0.7033095   0.0738884
   0.6860790   0.0771551
   0.6687526   0.0802782
   0.6513450   0.0832444
   0.6338707   0.0860412
   0.6163450   0.0886567
   0.5987829   0.0910806
   0.5812004   0.0933034
   0.5636134   0.0953175
   0.5460381   0.0971169
   0.5284906   0.0986974
   0.5109879   0.1000561
   0.4935462   0.1011922
   0.4761824   0.1021061
   0.4589127   0.1027995
   0.4417536   0.1032756
   0.4247212   0.1035380
   0.4078314   0.1035914
   0.3910999   0.1034411
   0.3745419   0.1030924
   0.3581726   0.1025514
   0.3420067   0.1018241
   0.3260587   0.1009167
   0.3103428   0.0998352
   0.2948730   0.0985861
   0.2796628   0.0971753
   0.2647256   0.0956091
   0.2500744   0.0938935
   0.2357221   0.0920346
   0.2216814   0.0900383
   0.2079644   0.0879106
   0.1945832   0.0856574
   0.1815498   0.0832845
   0.1688757   0.0807979
   0.1565723   0.0782034
   0.1446505   0.0755067
   0.1331218   0.0727139
   0.1219966   0.0698307
   0.1112855   0.0668631
   0.1009992   0.0638169
   0.0911478   0.0606982
   0.0817418   0.0575130
   0.0727918   0.0542676
   0.0643075   0.0509680
   0.0563001   0.0476209
   0.0487798   0.0442329
   0.0417579   0.0408111
   0.0352460   0.0373632
   0.0292565   0.0338979
   0.0238024   0.0304250
   0.0188971   0.0269565
   0.0145560   0.0235080
   0.0107931   0.0200999
   0.0076217   0.0167604
   0.0050490   0.0135288
   0.0030701   0.0104585
   0.0016578   0.0076182
   0.0007514   0.0050857
   0.0002546   0.0029374
   0.0000453   0.0012309
   0.0000000   0.0000000
   0.0001040  -0.0011927
   0.0005710  -0.0027971
   0.0015632  -0.0046975
   0.0031670  -0.0067641
   0.0054032  -0.0088915
   0.0082573  -0.0110106
   0.0117027  -0.0130814
   0.0157134  -0.0150823
   0.0202661  -0.0170020
   0.0253411  -0.0188343
   0.0309221  -0.0205766
   0.0369943  -0.0222276
   0.0435458  -0.0237873
   0.0505643  -0.0252557
   0.0580401  -0.0266336
   0.0659633  -0.0279220
   0.0743236  -0.0291217
   0.0831125  -0.0302339
   0.0923206  -0.0312599
   0.1019389  -0.0322008
   0.1119586  -0.0330581
   0.1223696  -0.0338330
   0.1331637  -0.0345270
   0.1443313  -0.0351416
   0.1558629  -0.0356783
   0.1677489  -0.0361387
   0.1799797  -0.0365243
   0.1925451  -0.0368368
   0.2054350  -0.0370779
   0.2186394  -0.0372493
   0.2321478  -0.0373528
   0.2459491  -0.0373901
   0.2600329  -0.0373631
   0.2743881  -0.0372736
   0.2890035  -0.0371235
   0.3038677  -0.0369146
   0.3189693  -0.0366490
   0.3342965  -0.0363284
   0.3498372  -0.0359549
   0.3655795  -0.0355305
   0.3815114  -0.0350571
   0.3976203  -0.0345368
   0.4138939  -0.0339715
   0.4303194  -0.0333632
   0.4468842  -0.0327140
   0.4635752  -0.0320259
   0.4803796  -0.0313010
   0.4972839  -0.0305412
   0.5142751  -0.0297486
   0.5313398  -0.0289252
   0.5484644  -0.0280731
   0.5656352  -0.0271942
   0.5828387  -0.0262906
   0.6000608  -0.0253643
   0.6172876  -0.0244173
   0.6345051  -0.0234515
   0.6516990  -0.0224689
   0.6688549  -0.0214716
   0.6859584  -0.0204615
   0.7029948  -0.0194404
   0.7199493  -0.0184105
   0.7368067  -0.0173735
   0.7535517  -0.0163314
   0.7701687  -0.0152862
   0.7866420  -0.0142397
   0.8029548  -0.0131940
   0.8190901  -0.0121508
   0.8350301  -0.0111123
   0.8507570  -0.0100803
   0.8662499  -0.0090570
   0.8814882  -0.0080444
   0.8964479  -0.0070449
   0.9111031  -0.0060607
   0.9254222  -0.0050947
   0.9393680  -0.0041498
   0.9528926  -0.0032299
   0.9659288  -0.0023401
   0.9783705  -0.0014880
   0.9900109  -0.0006883
   1.0000000   0.0000000
