NACA 4412 optimized
1.000000 0.000000
0.999889 0.000030
0.999556 0.000121
0.999000 0.000272
0.998223 0.000483
0.997224 0.000754
0.996004 0.001085
0.994564 0.001475
0.992904 0.001923
0.991025 0.002431
0.988927 0.002996
0.986612 0.003619
0.984081 0.004299
0.981335 0.005035
0.978374 0.005828
0.975201 0.006676
0.971817 0.007579
0.968223 0.008536
0.964421 0.009547
0.960412 0.010611
0.956199 0.011728
0.951783 0.012898
0.947166 0.014119
0.942351 0.015391
0.937338 0.016713
0.932132 0.018086
0.926733 0.019507
0.921144 0.020977
0.915368 0.022494
0.909408 0.024057
0.903266 0.025665
0.896944 0.027317
0.890446 0.029011
0.883774 0.030746
0.876932 0.032519
0.869922 0.034330
0.862748 0.036175
0.855412 0.038052
0.847919 0.039959
0.840270 0.041892
0.832471 0.043849
0.824524 0.045826
0.816432 0.047820
0.808200 0.049827
0.799831 0.051844
0.791328 0.053865
0.782696 0.055889
0.773938 0.057909
0.765059 0.059922
0.756062 0.061923
0.746951 0.063908
0.737730 0.065873
0.728403 0.067813
0.718975 0.069725
0.709450 0.071603
0.699831 0.073444
0.690124 0.075244
0.680332 0.076999
0.670460 0.078706
0.660512 0.080361
0.650493 0.081961
0.640406 0.083504
0.630258 0.084986
0.620051 0.086406
0.609792 0.087761
0.599483 0.089049
0.589130 0.090270
0.578738 0.091421
0.568310 0.092502
0.557853 0.093511
0.547369 0.094449
0.536864 0.095315
0.526343 0.096108
0.515811 0.096829
0.505271 0.097478
0.494729 0.098054
0.484189 0.098560
0.473657 0.098994
0.463136 0.099357
0.452631 0.099651
0.442147 0.099876
0.431690 0.100032
0.421262 0.100120
0.410870 0.100140
0.400517 0.100095
0.390208 0.099984
0.379949 0.099807
0.369742 0.099566
0.359594 0.099262
0.349507 0.098894
0.339488 0.098464
0.329540 0.097973
0.319668 0.097420
0.309876 0.096806
0.300169 0.096133
0.290550 0.095401
0.281025 0.094611
0.271597 0.093762
0.262270 0.092858
0.253049 0.091897
0.243938 0.090881
0.234941 0.089812
0.226062 0.088689
0.217304 0.087515
0.208672 0.086291
0.200169 0.085017
0.191800 0.083696
0.183568 0.082328
0.175476 0.080914
0.167529 0.079458
0.159730 0.077959
0.152081 0.076420
0.144588 0.074841
0.137252 0.073225
0.130078 0.071574
0.123068 0.069887
0.116226 0.068168
0.109554 0.066417
0.103056 0.064637
0.096734 0.062827
0.090592 0.060990
0.084632 0.059127
0.078856 0.057239
0.073267 0.055327
0.067868 0.053392
0.062662 0.051435
0.057649 0.049457
0.052834 0.047460
0.048217 0.045443
0.043801 0.043407
0.039588 0.041354
0.035579 0.039284
0.031777 0.037198
0.028183 0.035097
0.024799 0.032980
0.021626 0.030849
0.018665 0.028705
0.015919 0.026549
0.013388 0.024380
0.011073 0.022201
0.008975 0.020011
0.007096 0.017812
0.005436 0.015605
0.003996 0.013390
0.002776 0.011168
0.001777 0.008941
0.001000 0.006710
0.000444 0.004475
0.000111 0.002238
0.000000 0.000000
0.000111 -0.000764
0.000444 -0.001529
0.001000 -0.002297
0.001777 -0.003068
0.002776 -0.003843
0.003996 -0.004623
0.005436 -0.005410
0.007096 -0.006202
0.008975 -0.007001
0.011073 -0.007807
0.013388 -0.008618
0.015919 -0.009436
0.018665 -0.010258
0.021626 -0.011084
0.024799 -0.011913
0.028183 -0.012742
0.031777 -0.013571
0.035579 -0.014396
0.039588 -0.015217
0.043801 -0.016030
0.048217 -0.016833
0.052834 -0.017623
0.057649 -0.018397
0.062662 -0.019153
0.067868 -0.019888
0.073267 -0.020599
0.078856 -0.021283
0.084632 -0.021937
0.090592 -0.022560
0.096734 -0.023149
0.103056 -0.023701
0.109554 -0.024214
0.116226 -0.024687
0.123068 -0.025118
0.130078 -0.025505
0.137252 -0.025848
0.144588 -0.026145
0.152081 -0.026396
0.159730 -0.026600
0.167529 -0.026757
0.175476 -0.026868
0.183568 -0.026931
0.191800 -0.026949
0.200169 -0.026920
0.208672 -0.026847
0.217304 -0.026729
0.226062 -0.026568
0.234941 -0.026365
0.243938 -0.026121
0.253049 -0.025837
0.262270 -0.025514
0.271597 -0.025154
0.281025 -0.024758
0.290550 -0.024328
0.300169 -0.023864
0.309876 -0.023368
0.319668 -0.022841
0.329540 -0.022286
0.339488 -0.021703
0.349507 -0.021093
0.359594 -0.020458
0.369742 -0.019799
0.379949 -0.019119
0.390208 -0.018418
0.400517 -0.017697
0.410870 -0.016960
0.421262 -0.016206
0.431690 -0.015438
0.442147 -0.014658
0.452631 -0.013868
0.463136 -0.013069
0.473657 -0.012264
0.484189 -0.011454
0.494729 -0.010642
0.505271 -0.009831
0.515811 -0.009022
0.526343 -0.008218
0.536864 -0.007421
0.547369 -0.006634
0.557853 -0.005860
0.568310 -0.005099
0.578738 -0.004356
0.589130 -0.003632
0.599483 -0.002929
0.609792 -0.002250
0.620051 -0.001597
0.630258 -0.000972
0.640406 -0.000375
0.650493 0.000190
0.660512 0.000724
0.670460 0.001224
0.680332 0.001689
0.690124 0.002120
0.699831 0.002515
0.709450 0.002875
0.718975 0.003198
0.728403 0.003486
0.737730 0.003738
0.746951 0.003956
0.756062 0.004140
0.765059 0.004291
0.773938 0.004410
0.782696 0.004499
0.791328 0.004559
0.799831 0.004591
0.808200 0.004598
0.816432 0.004581
0.824524 0.004542
0.832471 0.004482
0.840270 0.004404
0.847919 0.004309
0.855412 0.004199
0.862748 0.004077
0.869922 0.003943
0.876932 0.003800
0.883774 0.003648
0.890446 0.003491
0.896944 0.003328
0.903266 0.003162
0.909408 0.002994
0.915368 0.002824
0.921144 0.002655
0.926733 0.002486
0.932132 0.002319
0.937338 0.002155
0.942351 0.001993
0.947166 0.001836
0.951783 0.001683
0.956199 0.001535
0.960412 0.001393
0.964421 0.001256
0.968223 0.001125
0.971817 0.001001
0.975201 0.000883
0.978374 0.000772
0.981335 0.000667
0.984081 0.000570
0.986612 0.000480
0.988927 0.000398
0.991025 0.000323
0.992904 0.000256
0.994564 0.000196
0.996004 0.000144
0.997224 0.000100
0.998223 0.000064
0.999000 0.000036
0.999556 0.000016
0.999889 0.000004
1.000000 0.000000
