NACA 2412 optimized
1.000000 0.000000
0.999889 0.000024
0.999556 0.000095
0.999000 0.000213
0.998223 0.000379
0.997224 0.000592
0.996004 0.000851
0.994564 0.001156
0.992904 0.001507
0.991025 0.001903
0.988927 0.002344
0.986612 0.002829
0.984081 0.003357
0.981335 0.003928
0.978374 0.004541
0.975201 0.005196
0.971817 0.005891
0.968223 0.006626
0.964421 0.007400
0.960412 0.008213
0.956199 0.009064
0.951783 0.009951
0.947166 0.010875
0.942351 0.011835
0.937338 0.012830
0.932132 0.013859
0.926733 0.014923
0.921144 0.016019
0.915368 0.017149
0.909408 0.018311
0.903266 0.019504
0.896944 0.020729
0.890446 0.021985
0.883774 0.023271
0.876932 0.024586
0.869922 0.025931
0.862748 0.027304
0.855412 0.028706
0.847919 0.030135
0.840270 0.031591
0.832471 0.033073
0.824524 0.034581
0.816432 0.036115
0.808200 0.037672
0.799831 0.039253
0.791328 0.040856
0.782696 0.042481
0.773938 0.044126
0.765059 0.045791
0.756062 0.047474
0.746951 0.049175
0.737730 0.050891
0.728403 0.052621
0.718975 0.054363
0.709450 0.056116
0.699831 0.057879
0.690124 0.059648
0.680332 0.061422
0.670460 0.063199
0.660512 0.064976
0.650493 0.066750
0.640406 0.068519
0.630258 0.070280
0.620051 0.072030
0.609792 0.073766
0.599483 0.075483
0.589130 0.077179
0.578738 0.078850
0.568310 0.080492
0.557853 0.082101
0.547369 0.083673
0.536864 0.085203
0.526343 0.086687
0.515811 0.088121
0.505271 0.089500
0.494729 0.090821
0.484189 0.092077
0.473657 0.093265
0.463136 0.094381
0.452631 0.095420
0.442147 0.096377
0.431690 0.097250
0.421262 0.098034
0.410870 0.098725
0.400517 0.099320
0.390208 0.099817
0.379949 0.100212
0.369742 0.100503
0.359594 0.100688
0.349507 0.100766
0.339488 0.100735
0.329540 0.100595
0.319668 0.100345
0.309876 0.099986
0.300169 0.099518
0.290550 0.098943
0.281025 0.098262
0.271597 0.097478
0.262270 0.096592
0.253049 0.095607
0.243938 0.094528
0.234941 0.093356
0.226062 0.092097
0.217304 0.090755
0.208672 0.089334
0.200169 0.087838
0.191800 0.086272
0.183568 0.084642
0.175476 0.082952
0.167529 0.081208
0.159730 0.079413
0.152081 0.077574
0.144588 0.075694
0.137252 0.073779
0.130078 0.071833
0.123068 0.069860
0.116226 0.067864
0.109554 0.065848
0.103056 0.063817
0.096734 0.061773
0.090592 0.059720
0.084632 0.057658
0.078856 0.055592
0.073267 0.053522
0.067868 0.051451
0.062662 0.049379
0.057649 0.047307
0.052834 0.045237
0.048217 0.043169
0.043801 0.041103
0.039588 0.039039
0.035579 0.036978
0.031777 0.034919
0.028183 0.032862
0.024799 0.030806
0.021626 0.028752
0.018665 0.026700
0.015919 0.024647
0.013388 0.022596
0.011073 0.020544
0.008975 0.018492
0.007096 0.016440
0.005436 0.014387
0.003996 0.012334
0.002776 0.010279
0.001777 0.008225
0.001000 0.006169
0.000444 0.004113
0.000111 0.002057
0.000000 0.000000
0.000111 -0.000764
0.000444 -0.001527
0.001000 -0.002288
0.001777 -0.003045
0.002776 -0.003798
0.003996 -0.004545
0.005436 -0.005286
0.007096 -0.006019
0.008975 -0.006742
0.011073 -0.007456
0.013388 -0.008158
0.015919 -0.008848
0.018665 -0.009525
0.021626 -0.010187
0.024799 -0.010833
0.028183 -0.011463
0.031777 -0.012076
0.035579 -0.012669
0.039588 -0.013244
0.043801 -0.013798
0.048217 -0.014331
0.052834 -0.014842
0.057649 -0.015331
0.062662 -0.015797
0.067868 -0.016240
0.073267 -0.016659
0.078856 -0.017054
0.084632 -0.017425
0.090592 -0.017771
0.096734 -0.018093
0.103056 -0.018392
0.109554 -0.018666
0.116226 -0.018917
0.123068 -0.019145
0.130078 -0.019351
0.137252 -0.019535
0.144588 -0.019698
0.152081 -0.019840
0.159730 -0.019963
0.167529 -0.020067
0.175476 -0.020153
0.183568 -0.020223
0.191800 -0.020277
0.200169 -0.020317
0.208672 -0.020343
0.217304 -0.020356
0.226062 -0.020357
0.234941 -0.020348
0.243938 -0.020329
0.253049 -0.020302
0.262270 -0.020266
0.271597 -0.020224
0.281025 -0.020175
0.290550 -0.020121
0.300169 -0.020063
0.309876 -0.020000
0.319668 -0.019934
0.329540 -0.019865
0.339488 -0.019793
0.349507 -0.019720
0.359594 -0.019645
0.369742 -0.019569
0.379949 -0.019492
0.390208 -0.019415
0.400517 -0.019337
0.410870 -0.019258
0.421262 -0.019180
0.431690 -0.019101
0.442147 -0.019023
0.452631 -0.018944
0.463136 -0.018866
0.473657 -0.018788
0.484189 -0.018709
0.494729 -0.018631
0.505271 -0.018552
0.515811 -0.018472
0.526343 -0.018392
0.536864 -0.018311
0.547369 -0.018228
0.557853 -0.018144
0.568310 -0.018058
0.578738 -0.017969
0.589130 -0.017877
0.599483 -0.017782
0.609792 -0.017683
0.620051 -0.017579
0.630258 -0.017470
0.640406 -0.017355
0.650493 -0.017233
0.660512 -0.017105
0.670460 -0.016968
0.680332 -0.016822
0.690124 -0.016667
0.699831 -0.016501
0.709450 -0.016325
0.718975 -0.016138
0.728403 -0.015938
0.737730 -0.015725
0.746951 -0.015500
0.756062 -0.015261
0.765059 -0.015007
0.773938 -0.014740
0.782696 -0.014458
0.791328 -0.014162
0.799831 -0.013852
0.808200 -0.013527
0.816432 -0.013188
0.824524 -0.012836
0.832471 -0.012471
0.840270 -0.012094
0.847919 -0.011705
0.855412 -0.011305
0.862748 -0.010895
0.869922 -0.010477
0.876932 -0.010052
0.883774 -0.009620
0.890446 -0.009183
0.896944 -0.008742
0.903266 -0.008299
0.909408 -0.007856
0.915368 -0.007413
0.921144 -0.006973
0.926733 -0.006536
0.932132 -0.006104
0.937338 -0.005678
0.942351 -0.005261
0.947166 -0.004852
0.951783 -0.004454
0.956199 -0.004068
0.960412 -0.003695
0.964421 -0.003335
0.968223 -0.002990
0.971817 -0.002661
0.975201 -0.002349
0.978374 -0.002054
0.981335 -0.001777
0.984081 -0.001519
0.986612 -0.001280
0.988927 -0.001060
0.991025 -0.000860
0.992904 -0.000681
0.994564 -0.000522
0.996004 -0.000384
0.997224 -0.000267
0.998223 -0.000171
0.999000 -0.000096
0.999556 -0.000043
0.999889 -0.000011
1.000000 0.000000
