NACA 23012 optimized
1.000000 0.000000
0.999889 0.000017
0.999556 0.000069
0.999000 0.000154
0.998223 0.000273
0.997224 0.000426
0.996004 0.000611
0.994564 0.000829
0.992904 0.001077
0.991025 0.001356
0.988927 0.001665
0.986612 0.002003
0.984081 0.002369
0.981335 0.002762
0.978374 0.003181
0.975201 0.003627
0.971817 0.004097
0.968223 0.004593
0.964421 0.005113
0.960412 0.005657
0.956199 0.006227
0.951783 0.006820
0.947166 0.007439
0.942351 0.008084
0.937338 0.008755
0.932132 0.009453
0.926733 0.010180
0.921144 0.010936
0.915368 0.011723
0.909408 0.012543
0.903266 0.013397
0.896944 0.014287
0.890446 0.015213
0.883774 0.016179
0.876932 0.017185
0.869922 0.018233
0.862748 0.019324
0.855412 0.020460
0.847919 0.021642
0.840270 0.022870
0.832471 0.024146
0.824524 0.025470
0.816432 0.026841
0.808200 0.028261
0.799831 0.029728
0.791328 0.031242
0.782696 0.032801
0.773938 0.034405
0.765059 0.036052
0.756062 0.037739
0.746951 0.039465
0.737730 0.041226
0.728403 0.043020
0.718975 0.044843
0.709450 0.046692
0.699831 0.048563
0.690124 0.050452
0.680332 0.052356
0.670460 0.054268
0.660512 0.056186
0.650493 0.058105
0.640406 0.060019
0.630258 0.061924
0.620051 0.063815
0.609792 0.065688
0.599483 0.067538
0.589130 0.069359
0.578738 0.071147
0.568310 0.072898
0.557853 0.074606
0.547369 0.076268
0.536864 0.077880
0.526343 0.079436
0.515811 0.080933
0.505271 0.082368
0.494729 0.083736
0.484189 0.085033
0.473657 0.086258
0.463136 0.087406
0.452631 0.088474
0.442147 0.089461
0.431690 0.090363
0.421262 0.091177
0.410870 0.091903
0.400517 0.092538
0.390208 0.093080
0.379949 0.093529
0.369742 0.093882
0.359594 0.094139
0.349507 0.094299
0.339488 0.094361
0.329540 0.094326
0.319668 0.094193
0.309876 0.093963
0.300169 0.093636
0.290550 0.093213
0.281025 0.092694
0.271597 0.092081
0.262270 0.091376
0.253049 0.090580
0.243938 0.089695
0.234941 0.088723
0.226062 0.087666
0.217304 0.086528
0.208672 0.085311
0.200169 0.084018
0.191800 0.082652
0.183568 0.081217
0.175476 0.079716
0.167529 0.078152
0.159730 0.076529
0.152081 0.074852
0.144588 0.073123
0.137252 0.071347
0.130078 0.069528
0.123068 0.067669
0.116226 0.065775
0.109554 0.063848
0.103056 0.061894
0.096734 0.059914
0.090592 0.057914
0.084632 0.055897
0.078856 0.053865
0.073267 0.051821
0.067868 0.049769
0.062662 0.047712
0.057649 0.045651
0.052834 0.043589
0.048217 0.041529
0.043801 0.039472
0.039588 0.037419
0.035579 0.035373
0.031777 0.033334
0.028183 0.031303
0.024799 0.029281
0.021626 0.027269
0.018665 0.025267
0.015919 0.023274
0.013388 0.021292
0.011073 0.019320
0.008975 0.017358
0.007096 0.015404
0.005436 0.013459
0.003996 0.011521
0.002776 0.009590
0.001777 0.007665
0.001000 0.005745
0.000444 0.003828
0.000111 0.001913
0.000000 0.000000
0.000111 -0.001158
0.000444 -0.002314
0.001000 -0.003463
0.001777 -0.004602
0.002776 -0.005730
0.003996 -0.006842
0.005436 -0.007938
0.007096 -0.009013
0.008975 -0.010066
0.011073 -0.011095
0.013388 -0.012099
0.015919 -0.013075
0.018665 -0.014023
0.021626 -0.014942
0.024799 -0.015830
0.028183 -0.016689
0.031777 -0.017516
0.035579 -0.018314
0.039588 -0.019080
0.043801 -0.019816
0.048217 -0.020523
0.052834 -0.021200
0.057649 -0.021848
0.062662 -0.022467
0.067868 -0.023059
0.073267 -0.023623
0.078856 -0.024160
0.084632 -0.024670
0.090592 -0.025153
0.096734 -0.025611
0.103056 -0.026041
0.109554 -0.026445
0.116226 -0.026823
0.123068 -0.027173
0.130078 -0.027495
0.137252 -0.027789
0.144588 -0.028053
0.152081 -0.028289
0.159730 -0.028493
0.167529 -0.028667
0.175476 -0.028809
0.183568 -0.028919
0.191800 -0.028995
0.200169 -0.029039
0.208672 -0.029049
0.217304 -0.029026
0.226062 -0.028970
0.234941 -0.028881
0.243938 -0.028760
0.253049 -0.028608
0.262270 -0.028426
0.271597 -0.028215
0.281025 -0.027978
0.290550 -0.027715
0.300169 -0.027430
0.309876 -0.027124
0.319668 -0.026800
0.329540 -0.026461
0.339488 -0.026110
0.349507 -0.025748
0.359594 -0.025380
0.369742 -0.025007
0.379949 -0.024633
0.390208 -0.024260
0.400517 -0.023891
0.410870 -0.023527
0.421262 -0.023172
0.431690 -0.022827
0.442147 -0.022493
0.452631 -0.022172
0.463136 -0.021865
0.473657 -0.021572
0.484189 -0.021294
0.494729 -0.021030
0.505271 -0.020781
0.515811 -0.020546
0.526343 -0.020323
0.536864 -0.020112
0.547369 -0.019911
0.557853 -0.019719
0.568310 -0.019533
0.578738 -0.019352
0.589130 -0.019173
0.599483 -0.018994
0.609792 -0.018814
0.620051 -0.018631
0.630258 -0.018441
0.640406 -0.018243
0.650493 -0.018036
0.660512 -0.017818
0.670460 -0.017586
0.680332 -0.017341
0.690124 -0.017081
0.699831 -0.016805
0.709450 -0.016512
0.718975 -0.016203
0.728403 -0.015878
0.737730 -0.015536
0.746951 -0.015178
0.756062 -0.014805
0.765059 -0.014418
0.773938 -0.014017
0.782696 -0.013605
0.791328 -0.013182
0.799831 -0.012750
0.808200 -0.012311
0.816432 -0.011865
0.824524 -0.011415
0.832471 -0.010963
0.840270 -0.010509
0.847919 -0.010055
0.855412 -0.009603
0.862748 -0.009154
0.869922 -0.008710
0.876932 -0.008271
0.883774 -0.007839
0.890446 -0.007414
0.896944 -0.006998
0.903266 -0.006590
0.909408 -0.006193
0.915368 -0.005805
0.921144 -0.005428
0.926733 -0.005062
0.932132 -0.004707
0.937338 -0.004363
0.942351 -0.004031
0.947166 -0.003710
0.951783 -0.003401
0.956199 -0.003104
0.960412 -0.002819
0.964421 -0.002546
0.968223 -0.002285
0.971817 -0.002037
0.975201 -0.001801
0.978374 -0.001579
0.981335 -0.001369
0.984081 -0.001173
0.986612 -0.000991
0.988927 -0.000823
0.991025 -0.000670
0.992904 -0.000532
0.994564 -0.000409
0.996004 -0.000301
0.997224 -0.000210
0.998223 -0.000135
0.999000 -0.000076
0.999556 -0.000034
0.999889 -0.000008
1.000000 0.000000
