NACA 2412 optimized
1.000000 0.000000
0.999889 0.000029
0.999556 0.000117
0.999000 0.000263
0.998223 0.000467
0.997224 0.000728
0.996004 0.001048
0.994564 0.001425
0.992904 0.001859
0.991025 0.002349
0.988927 0.002895
0.986612 0.003496
0.984081 0.004152
0.981335 0.004861
0.978374 0.005624
0.975201 0.006437
0.971817 0.007302
0.968223 0.008216
0.964421 0.009178
0.960412 0.010187
0.956199 0.011242
0.951783 0.012340
0.947166 0.013479
0.942351 0.014659
0.937338 0.015877
0.932132 0.017132
0.926733 0.018420
0.921144 0.019741
0.915368 0.021091
0.909408 0.022468
0.903266 0.023871
0.896944 0.025297
0.890446 0.026743
0.883774 0.028207
0.876932 0.029687
0.869922 0.031180
0.862748 0.032683
0.855412 0.034194
0.847919 0.035711
0.840270 0.037231
0.832471 0.038752
0.824524 0.040271
0.816432 0.041787
0.808200 0.043295
0.799831 0.044796
0.791328 0.046285
0.782696 0.047761
0.773938 0.049222
0.765059 0.050665
0.756062 0.052088
0.746951 0.053490
0.737730 0.054867
0.728403 0.056219
0.718975 0.057543
0.709450 0.058837
0.699831 0.060099
0.690124 0.061328
0.680332 0.062520
0.670460 0.063676
0.660512 0.064791
0.650493 0.065866
0.640406 0.066898
0.630258 0.067886
0.620051 0.068827
0.609792 0.069720
0.599483 0.070565
0.589130 0.071358
0.578738 0.072099
0.568310 0.072787
0.557853 0.073421
0.547369 0.073999
0.536864 0.074520
0.526343 0.074984
0.515811 0.075390
0.505271 0.075738
0.494729 0.076026
0.484189 0.076255
0.473657 0.076425
0.463136 0.076535
0.452631 0.076586
0.442147 0.076578
0.431690 0.076512
0.421262 0.076388
0.410870 0.076207
0.400517 0.075970
0.390208 0.075678
0.379949 0.075332
0.369742 0.074934
0.359594 0.074484
0.349507 0.073985
0.339488 0.073438
0.329540 0.072845
0.319668 0.072207
0.309876 0.071526
0.300169 0.070803
0.290550 0.070041
0.281025 0.069241
0.271597 0.068405
0.262270 0.067534
0.253049 0.066631
0.243938 0.065697
0.234941 0.064732
0.226062 0.063740
0.217304 0.062721
0.208672 0.061677
0.200169 0.060608
0.191800 0.059517
0.183568 0.058404
0.175476 0.057269
0.167529 0.056115
0.159730 0.054943
0.152081 0.053751
0.144588 0.052543
0.137252 0.051317
0.130078 0.050076
0.123068 0.048818
0.116226 0.047546
0.109554 0.046259
0.103056 0.044959
0.096734 0.043644
0.090592 0.042316
0.084632 0.040976
0.078856 0.039623
0.073267 0.038258
0.067868 0.036881
0.062662 0.035494
0.057649 0.034095
0.052834 0.032686
0.048217 0.031267
0.043801 0.029839
0.039588 0.028402
0.035579 0.026956
0.031777 0.025502
0.028183 0.024041
0.024799 0.022572
0.021626 0.021097
0.018665 0.019615
0.015919 0.018128
0.013388 0.016635
0.011073 0.015138
0.008975 0.013636
0.007096 0.012130
0.005436 0.010621
0.003996 0.009109
0.002776 0.007595
0.001777 0.006079
0.001000 0.004560
0.000444 0.003041
0.000111 0.001521
0.000000 0.000000
0.000111 -0.000973
0.000444 -0.001945
0.001000 -0.002917
0.001777 -0.003887
0.002776 -0.004856
0.003996 -0.005822
0.005436 -0.006785
0.007096 -0.007746
0.008975 -0.008703
0.011073 -0.009655
0.013388 -0.010603
0.015919 -0.011545
0.018665 -0.012481
0.021626 -0.013411
0.024799 -0.014334
0.028183 -0.015249
0.031777 -0.016156
0.035579 -0.017055
0.039588 -0.017944
0.043801 -0.018823
0.048217 -0.019692
0.052834 -0.020551
0.057649 -0.021399
0.062662 -0.022236
0.067868 -0.023061
0.073267 -0.023875
0.078856 -0.024677
0.084632 -0.025468
0.090592 -0.026247
0.096734 -0.027014
0.103056 -0.027770
0.109554 -0.028514
0.116226 -0.029247
0.123068 -0.029969
0.130078 -0.030680
0.137252 -0.031380
0.144588 -0.032070
0.152081 -0.032748
0.159730 -0.033416
0.167529 -0.034072
0.175476 -0.034718
0.183568 -0.035352
0.191800 -0.035974
0.200169 -0.036584
0.208672 -0.037181
0.217304 -0.037764
0.226062 -0.038331
0.234941 -0.038883
0.243938 -0.039417
0.253049 -0.039932
0.262270 -0.040428
0.271597 -0.040901
0.281025 -0.041351
0.290550 -0.041775
0.300169 -0.042173
0.309876 -0.042541
0.319668 -0.042878
0.329540 -0.043182
0.339488 -0.043452
0.349507 -0.043685
0.359594 -0.043880
0.369742 -0.044035
0.379949 -0.044149
0.390208 -0.044221
0.400517 -0.044249
0.410870 -0.044233
0.421262 -0.044172
0.431690 -0.044065
0.442147 -0.043913
0.452631 -0.043715
0.463136 -0.043472
0.473657 -0.043185
0.484189 -0.042854
0.494729 -0.042480
0.505271 -0.042065
0.515811 -0.041610
0.526343 -0.041117
0.536864 -0.040588
0.547369 -0.040025
0.557853 -0.039430
0.568310 -0.038806
0.578738 -0.038154
0.589130 -0.037478
0.599483 -0.036779
0.609792 -0.036061
0.620051 -0.035325
0.630258 -0.034574
0.640406 -0.033811
0.650493 -0.033037
0.660512 -0.032254
0.670460 -0.031465
0.680332 -0.030672
0.690124 -0.029875
0.699831 -0.029078
0.709450 -0.028280
0.718975 -0.027483
0.728403 -0.026689
0.737730 -0.025898
0.746951 -0.025110
0.756062 -0.024327
0.765059 -0.023550
0.773938 -0.022777
0.782696 -0.022011
0.791328 -0.021250
0.799831 -0.020496
0.808200 -0.019748
0.816432 -0.019007
0.824524 -0.018272
0.832471 -0.017545
0.840270 -0.016824
0.847919 -0.016110
0.855412 -0.015404
0.862748 -0.014706
0.869922 -0.014015
0.876932 -0.013333
0.883774 -0.012660
0.890446 -0.011996
0.896944 -0.011343
0.903266 -0.010700
0.909408 -0.010068
0.915368 -0.009448
0.921144 -0.008842
0.926733 -0.008249
0.932132 -0.007671
0.937338 -0.007108
0.942351 -0.006561
0.947166 -0.006032
0.951783 -0.005521
0.956199 -0.005028
0.960412 -0.004555
0.964421 -0.004103
0.968223 -0.003671
0.971817 -0.003261
0.975201 -0.002874
0.978374 -0.002510
0.981335 -0.002168
0.984081 -0.001851
0.986612 -0.001558
0.988927 -0.001289
0.991025 -0.001046
0.992904 -0.000827
0.994564 -0.000634
0.996004 -0.000466
0.997224 -0.000324
0.998223 -0.000207
0.999000 -0.000117
0.999556 -0.000052
0.999889 -0.000013
1.000000 0.000000
