CLARK Y AIRFOIL optimized
1.000000 0.000599
0.999889 0.000617
0.999556 0.000672
0.999000 0.000764
0.998223 0.000894
0.997224 0.001062
0.996004 0.001272
0.994564 0.001523
0.992904 0.001819
0.991025 0.002160
0.988927 0.002550
0.986612 0.002991
0.984081 0.003484
0.981335 0.004033
0.978374 0.004639
0.975201 0.005305
0.971817 0.006033
0.968223 0.006824
0.964421 0.007680
0.960412 0.008602
0.956199 0.009591
0.951783 0.010649
0.947166 0.011774
0.942351 0.012968
0.937338 0.014230
0.932132 0.015560
0.926733 0.016955
0.921144 0.018416
0.915368 0.019940
0.909408 0.021526
0.903266 0.023172
0.896944 0.024875
0.890446 0.026633
0.883774 0.028443
0.876932 0.030302
0.869922 0.032208
0.862748 0.034158
0.855412 0.036149
0.847919 0.038177
0.840270 0.040240
0.832471 0.042334
0.824524 0.044458
0.816432 0.046606
0.808200 0.048778
0.799831 0.050969
0.791328 0.053177
0.782696 0.055398
0.773938 0.057629
0.765059 0.059867
0.756062 0.062109
0.746951 0.064352
0.737730 0.066591
0.728403 0.068824
0.718975 0.071046
0.709450 0.073254
0.699831 0.075442
0.690124 0.077608
0.680332 0.079746
0.670460 0.081852
0.660512 0.083921
0.650493 0.085948
0.640406 0.087928
0.630258 0.089855
0.620051 0.091726
0.609792 0.093534
0.599483 0.095275
0.589130 0.096943
0.578738 0.098535
0.568310 0.100045
0.557853 0.101468
0.547369 0.102802
0.536864 0.104042
0.526343 0.105186
0.515811 0.106230
0.505271 0.107171
0.494729 0.108009
0.484189 0.108742
0.473657 0.109369
0.463136 0.109890
0.452631 0.110306
0.442147 0.110616
0.431690 0.110822
0.421262 0.110926
0.410870 0.110929
0.400517 0.110836
0.390208 0.110647
0.379949 0.110366
0.369742 0.109996
0.359594 0.109541
0.349507 0.109004
0.339488 0.108387
0.329540 0.107696
0.319668 0.106931
0.309876 0.106097
0.300169 0.105196
0.290550 0.104231
0.281025 0.103204
0.271597 0.102116
0.262270 0.100970
0.253049 0.099766
0.243938 0.098506
0.234941 0.097189
0.226062 0.095817
0.217304 0.094389
0.208672 0.092906
0.200169 0.091366
0.191800 0.089771
0.183568 0.088120
0.175476 0.086411
0.167529 0.084647
0.159730 0.082825
0.152081 0.080948
0.144588 0.079014
0.137252 0.077026
0.130078 0.074985
0.123068 0.072893
0.116226 0.070751
0.109554 0.068564
0.103056 0.066333
0.096734 0.064062
0.090592 0.061757
0.084632 0.059421
0.078856 0.057060
0.073267 0.054679
0.067868 0.052283
0.062662 0.049878
0.057649 0.047471
0.052834 0.045066
0.048217 0.042671
0.043801 0.040290
0.039588 0.037930
0.035579 0.035594
0.031777 0.033289
0.028183 0.031018
0.024799 0.028784
0.021626 0.026591
0.018665 0.024441
0.015919 0.022335
0.013388 0.020274
0.011073 0.018258
0.008975 0.016286
0.007096 0.014356
0.005436 0.012465
0.003996 0.010611
0.002776 0.008790
0.001777 0.006996
0.001000 0.005226
0.000444 0.003474
0.000111 0.001734
0.000000 0.000000
0.000111 -0.001111
0.000444 -0.002215
0.001000 -0.003305
0.001777 -0.004376
0.002776 -0.005421
0.003996 -0.006433
0.005436 -0.007407
0.007096 -0.008339
0.008975 -0.009223
0.011073 -0.010055
0.013388 -0.010832
0.015919 -0.011551
0.018665 -0.012209
0.021626 -0.012806
0.024799 -0.013340
0.028183 -0.013811
0.031777 -0.014218
0.035579 -0.014564
0.039588 -0.014849
0.043801 -0.015076
0.048217 -0.015246
0.052834 -0.015363
0.057649 -0.015430
0.062662 -0.015450
0.067868 -0.015427
0.073267 -0.015365
0.078856 -0.015267
0.084632 -0.015137
0.090592 -0.014980
0.096734 -0.014799
0.103056 -0.014598
0.109554 -0.014380
0.116226 -0.014149
0.123068 -0.013908
0.130078 -0.013659
0.137252 -0.013405
0.144588 -0.013148
0.152081 -0.012890
0.159730 -0.012633
0.167529 -0.012377
0.175476 -0.012125
0.183568 -0.011876
0.191800 -0.011632
0.200169 -0.011392
0.208672 -0.011157
0.217304 -0.010926
0.226062 -0.010700
0.234941 -0.010478
0.243938 -0.010259
0.253049 -0.010044
0.262270 -0.009832
0.271597 -0.009622
0.281025 -0.009415
0.290550 -0.009209
0.300169 -0.009004
0.309876 -0.008801
0.319668 -0.008598
0.329540 -0.008396
0.339488 -0.008194
0.349507 -0.007993
0.359594 -0.007791
0.369742 -0.007591
0.379949 -0.007390
0.390208 -0.007190
0.400517 -0.006989
0.410870 -0.006790
0.421262 -0.006590
0.431690 -0.006391
0.442147 -0.006191
0.452631 -0.005992
0.463136 -0.005792
0.473657 -0.005591
0.484189 -0.005389
0.494729 -0.005186
0.505271 -0.004982
0.515811 -0.004774
0.526343 -0.004565
0.536864 -0.004351
0.547369 -0.004135
0.557853 -0.003914
0.568310 -0.003688
0.578738 -0.003458
0.589130 -0.003222
0.599483 -0.002982
0.609792 -0.002736
0.620051 -0.002484
0.630258 -0.002228
0.640406 -0.001968
0.650493 -0.001704
0.660512 -0.001436
0.670460 -0.001167
0.680332 -0.000896
0.690124 -0.000625
0.699831 -0.000355
0.709450 -0.000089
0.718975 0.000174
0.728403 0.000431
0.737730 0.000680
0.746951 0.000920
0.756062 0.001148
0.765059 0.001365
0.773938 0.001567
0.782696 0.001754
0.791328 0.001924
0.799831 0.002076
0.808200 0.002209
0.816432 0.002322
0.824524 0.002414
0.832471 0.002486
0.840270 0.002537
0.847919 0.002566
0.855412 0.002575
0.862748 0.002564
0.869922 0.002534
0.876932 0.002485
0.883774 0.002419
0.890446 0.002337
0.896944 0.002241
0.903266 0.002132
0.909408 0.002012
0.915368 0.001883
0.921144 0.001746
0.926733 0.001604
0.932132 0.001457
0.937338 0.001309
0.942351 0.001160
0.947166 0.001012
0.951783 0.000867
0.956199 0.000726
0.960412 0.000589
0.964421 0.000459
0.968223 0.000335
0.971817 0.000218
0.975201 0.000110
0.978374 0.000009
0.981335 -0.000083
0.984081 -0.000166
0.986612 -0.000241
0.988927 -0.000308
0.991025 -0.000368
0.992904 -0.000419
0.994564 -0.000463
0.996004 -0.000501
0.997224 -0.000532
0.998223 -0.000556
0.999000 -0.000575
0.999556 -0.000588
0.999889 -0.000596
1.000000 -0.000599
