NACA 2412 optimized
1.000000 0.000000
0.999889 0.000028
0.999556 0.000113
0.999000 0.000253
0.998223 0.000450
0.997224 0.000702
0.996004 0.001009
0.994564 0.001372
0.992904 0.001790
0.991025 0.002262
0.988927 0.002787
0.986612 0.003366
0.984081 0.003997
0.981335 0.004681
0.978374 0.005415
0.975201 0.006201
0.971817 0.007036
0.968223 0.007921
0.964421 0.008854
0.960412 0.009835
0.956199 0.010863
0.951783 0.011937
0.947166 0.013057
0.942351 0.014220
0.937338 0.015428
0.932132 0.016677
0.926733 0.017969
0.921144 0.019300
0.915368 0.020671
0.909408 0.022080
0.903266 0.023526
0.896944 0.025008
0.890446 0.026524
0.883774 0.028072
0.876932 0.029652
0.869922 0.031261
0.862748 0.032898
0.855412 0.034561
0.847919 0.036248
0.840270 0.037957
0.832471 0.039686
0.824524 0.041433
0.816432 0.043196
0.808200 0.044972
0.799831 0.046760
0.791328 0.048557
0.782696 0.050360
0.773938 0.052168
0.765059 0.053977
0.756062 0.055786
0.746951 0.057592
0.737730 0.059393
0.728403 0.061186
0.718975 0.062969
0.709450 0.064740
0.699831 0.066497
0.690124 0.068236
0.680332 0.069956
0.670460 0.071656
0.660512 0.073331
0.650493 0.074981
0.640406 0.076604
0.630258 0.078196
0.620051 0.079757
0.609792 0.081284
0.599483 0.082774
0.589130 0.084225
0.578738 0.085636
0.568310 0.087005
0.557853 0.088327
0.547369 0.089603
0.536864 0.090828
0.526343 0.092001
0.515811 0.093119
0.505271 0.094180
0.494729 0.095181
0.484189 0.096119
0.473657 0.096993
0.463136 0.097799
0.452631 0.098535
0.442147 0.099198
0.431690 0.099786
0.421262 0.100297
0.410870 0.100728
0.400517 0.101077
0.390208 0.101343
0.379949 0.101524
0.369742 0.101618
0.359594 0.101624
0.349507 0.101541
0.339488 0.101368
0.329540 0.101106
0.319668 0.100753
0.309876 0.100310
0.300169 0.099778
0.290550 0.099158
0.281025 0.098451
0.271597 0.097659
0.262270 0.096782
0.253049 0.095825
0.243938 0.094789
0.234941 0.093677
0.226062 0.092493
0.217304 0.091238
0.208672 0.089918
0.200169 0.088534
0.191800 0.087092
0.183568 0.085594
0.175476 0.084044
0.167529 0.082447
0.159730 0.080805
0.152081 0.079122
0.144588 0.077401
0.137252 0.075646
0.130078 0.073860
0.123068 0.072045
0.116226 0.070205
0.109554 0.068340
0.103056 0.066454
0.096734 0.064548
0.090592 0.062623
0.084632 0.060681
0.078856 0.058722
0.073267 0.056747
0.067868 0.054758
0.062662 0.052753
0.057649 0.050733
0.052834 0.048698
0.048217 0.046647
0.043801 0.044581
0.039588 0.042499
0.035579 0.040400
0.031777 0.038285
0.028183 0.036153
0.024799 0.034004
0.021626 0.031837
0.018665 0.029653
0.015919 0.027452
0.013388 0.025234
0.011073 0.022999
0.008975 0.020749
0.007096 0.018485
0.005436 0.016206
0.003996 0.013915
0.002776 0.011614
0.001777 0.009303
0.001000 0.006984
0.000444 0.004659
0.000111 0.002331
0.000000 0.000000
0.000111 -0.000959
0.000444 -0.001918
0.001000 -0.002875
0.001777 -0.003831
0.002776 -0.004786
0.003996 -0.005738
0.005436 -0.006687
0.007096 -0.007633
0.008975 -0.008574
0.011073 -0.009510
0.013388 -0.010439
0.015919 -0.011362
0.018665 -0.012277
0.021626 -0.013183
0.024799 -0.014078
0.028183 -0.014962
0.031777 -0.015833
0.035579 -0.016691
0.039588 -0.017532
0.043801 -0.018358
0.048217 -0.019165
0.052834 -0.019953
0.057649 -0.020720
0.062662 -0.021466
0.067868 -0.022189
0.073267 -0.022887
0.078856 -0.023561
0.084632 -0.024208
0.090592 -0.024829
0.096734 -0.025423
0.103056 -0.025988
0.109554 -0.026526
0.116226 -0.027034
0.123068 -0.027514
0.130078 -0.027964
0.137252 -0.028386
0.144588 -0.028779
0.152081 -0.029144
0.159730 -0.029481
0.167529 -0.029790
0.175476 -0.030073
0.183568 -0.030329
0.191800 -0.030560
0.200169 -0.030766
0.208672 -0.030948
0.217304 -0.031107
0.226062 -0.031244
0.234941 -0.031359
0.243938 -0.031453
0.253049 -0.031527
0.262270 -0.031582
0.271597 -0.031619
0.281025 -0.031637
0.290550 -0.031639
0.300169 -0.031623
0.309876 -0.031591
0.319668 -0.031543
0.329540 -0.031480
0.339488 -0.031402
0.349507 -0.031309
0.359594 -0.031201
0.369742 -0.031079
0.379949 -0.030943
0.390208 -0.030793
0.400517 -0.030629
0.410870 -0.030452
0.421262 -0.030262
0.431690 -0.030059
0.442147 -0.029843
0.452631 -0.029615
0.463136 -0.029374
0.473657 -0.029121
0.484189 -0.028857
0.494729 -0.028582
0.505271 -0.028295
0.515811 -0.027998
0.526343 -0.027691
0.536864 -0.027375
0.547369 -0.027049
0.557853 -0.026715
0.568310 -0.026372
0.578738 -0.026021
0.589130 -0.025663
0.599483 -0.025298
0.609792 -0.024927
0.620051 -0.024549
0.630258 -0.024164
0.640406 -0.023774
0.650493 -0.023379
0.660512 -0.022978
0.670460 -0.022572
0.680332 -0.022160
0.690124 -0.021744
0.699831 -0.021322
0.709450 -0.020895
0.718975 -0.020462
0.728403 -0.020024
0.737730 -0.019581
0.746951 -0.019132
0.756062 -0.018677
0.765059 -0.018217
0.773938 -0.017750
0.782696 -0.017278
0.791328 -0.016800
0.799831 -0.016316
0.808200 -0.015827
0.816432 -0.015331
0.824524 -0.014831
0.832471 -0.014326
0.840270 -0.013817
0.847919 -0.013303
0.855412 -0.012787
0.862748 -0.012267
0.869922 -0.011746
0.876932 -0.011224
0.883774 -0.010702
0.890446 -0.010180
0.896944 -0.009661
0.903266 -0.009144
0.909408 -0.008632
0.915368 -0.008124
0.921144 -0.007624
0.926733 -0.007131
0.932132 -0.006646
0.937338 -0.006172
0.942351 -0.005709
0.947166 -0.005258
0.951783 -0.004820
0.956199 -0.004397
0.960412 -0.003989
0.964421 -0.003597
0.968223 -0.003223
0.971817 -0.002866
0.975201 -0.002528
0.978374 -0.002209
0.981335 -0.001910
0.984081 -0.001632
0.986612 -0.001374
0.988927 -0.001138
0.991025 -0.000923
0.992904 -0.000731
0.994564 -0.000560
0.996004 -0.000412
0.997224 -0.000286
0.998223 -0.000183
0.999000 -0.000103
0.999556 -0.000046
0.999889 -0.000011
1.000000 0.000000
