NACA 2412 optimized
1.000000 0.000000
0.999889 0.000023
0.999556 0.000094
0.999000 0.000211
0.998223 0.000375
0.997224 0.000585
0.996004 0.000842
0.994564 0.001145
0.992904 0.001494
0.991025 0.001888
0.988927 0.002328
0.986612 0.002812
0.984081 0.003340
0.981335 0.003913
0.978374 0.004530
0.975201 0.005189
0.971817 0.005892
0.968223 0.006637
0.964421 0.007423
0.960412 0.008252
0.956199 0.009122
0.951783 0.010032
0.947166 0.010983
0.942351 0.011973
0.937338 0.013003
0.932132 0.014071
0.926733 0.015177
0.921144 0.016321
0.915368 0.017502
0.909408 0.018718
0.903266 0.019970
0.896944 0.021256
0.890446 0.022576
0.883774 0.023927
0.876932 0.025310
0.869922 0.026722
0.862748 0.028162
0.855412 0.029630
0.847919 0.031122
0.840270 0.032639
0.832471 0.034177
0.824524 0.035736
0.816432 0.037313
0.808200 0.038907
0.799831 0.040516
0.791328 0.042137
0.782696 0.043769
0.773938 0.045410
0.765059 0.047058
0.756062 0.048711
0.746951 0.050367
0.737730 0.052024
0.728403 0.053681
0.718975 0.055337
0.709450 0.056988
0.699831 0.058635
0.690124 0.060274
0.680332 0.061906
0.670460 0.063528
0.660512 0.065139
0.650493 0.066738
0.640406 0.068323
0.630258 0.069894
0.620051 0.071448
0.609792 0.072984
0.599483 0.074502
0.589130 0.075999
0.578738 0.077473
0.568310 0.078924
0.557853 0.080348
0.547369 0.081745
0.536864 0.083111
0.526343 0.084444
0.515811 0.085741
0.505271 0.087000
0.494729 0.088218
0.484189 0.089391
0.473657 0.090515
0.463136 0.091587
0.452631 0.092604
0.442147 0.093561
0.431690 0.094453
0.421262 0.095278
0.410870 0.096031
0.400517 0.096707
0.390208 0.097302
0.379949 0.097813
0.369742 0.098235
0.359594 0.098564
0.349507 0.098797
0.339488 0.098931
0.329540 0.098963
0.319668 0.098889
0.309876 0.098708
0.300169 0.098418
0.290550 0.098018
0.281025 0.097507
0.271597 0.096884
0.262270 0.096150
0.253049 0.095305
0.243938 0.094352
0.234941 0.093291
0.226062 0.092125
0.217304 0.090857
0.208672 0.089490
0.200169 0.088029
0.191800 0.086478
0.183568 0.084841
0.175476 0.083123
0.167529 0.081331
0.159730 0.079468
0.152081 0.077543
0.144588 0.075559
0.137252 0.073524
0.130078 0.071443
0.123068 0.069323
0.116226 0.067169
0.109554 0.064988
0.103056 0.062785
0.096734 0.060566
0.090592 0.058335
0.084632 0.056099
0.078856 0.053861
0.073267 0.051626
0.067868 0.049399
0.062662 0.047181
0.057649 0.044977
0.052834 0.042790
0.048217 0.040621
0.043801 0.038473
0.039588 0.036347
0.035579 0.034245
0.031777 0.032167
0.028183 0.030114
0.024799 0.028086
0.021626 0.026082
0.018665 0.024103
0.015919 0.022148
0.013388 0.020215
0.011073 0.018304
0.008975 0.016413
0.007096 0.014540
0.005436 0.012684
0.003996 0.010843
0.002776 0.009016
0.001777 0.007199
0.001000 0.005392
0.000444 0.003591
0.000111 0.001794
0.000000 0.000000
0.000111 -0.001107
0.000444 -0.002213
0.001000 -0.003318
0.001777 -0.004421
0.002776 -0.005522
0.003996 -0.006620
0.005436 -0.007714
0.007096 -0.008803
0.008975 -0.009886
0.011073 -0.010963
0.013388 -0.012032
0.015919 -0.013092
0.018665 -0.014141
0.021626 -0.015178
0.024799 -0.016202
0.028183 -0.017210
0.031777 -0.018202
0.035579 -0.019175
0.039588 -0.020127
0.043801 -0.021058
0.048217 -0.021964
0.052834 -0.022844
0.057649 -0.023697
0.062662 -0.024520
0.067868 -0.025312
0.073267 -0.026071
0.078856 -0.026797
0.084632 -0.027487
0.090592 -0.028141
0.096734 -0.028758
0.103056 -0.029336
0.109554 -0.029876
0.116226 -0.030376
0.123068 -0.030837
0.130078 -0.031259
0.137252 -0.031641
0.144588 -0.031985
0.152081 -0.032290
0.159730 -0.032558
0.167529 -0.032789
0.175476 -0.032985
0.183568 -0.033146
0.191800 -0.033275
0.200169 -0.033372
0.208672 -0.033439
0.217304 -0.033478
0.226062 -0.033490
0.234941 -0.033477
0.243938 -0.033441
0.253049 -0.033383
0.262270 -0.033305
0.271597 -0.033209
0.281025 -0.033096
0.290550 -0.032967
0.300169 -0.032824
0.309876 -0.032668
0.319668 -0.032500
0.329540 -0.032322
0.339488 -0.032134
0.349507 -0.031937
0.359594 -0.031732
0.369742 -0.031519
0.379949 -0.031300
0.390208 -0.031073
0.400517 -0.030841
0.410870 -0.030602
0.421262 -0.030357
0.431690 -0.030106
0.442147 -0.029849
0.452631 -0.029586
0.463136 -0.029316
0.473657 -0.029041
0.484189 -0.028759
0.494729 -0.028470
0.505271 -0.028175
0.515811 -0.027873
0.526343 -0.027563
0.536864 -0.027247
0.547369 -0.026923
0.557853 -0.026591
0.568310 -0.026252
0.578738 -0.025905
0.589130 -0.025550
0.599483 -0.025187
0.609792 -0.024817
0.620051 -0.024439
0.630258 -0.024053
0.640406 -0.023659
0.650493 -0.023258
0.660512 -0.022849
0.670460 -0.022432
0.680332 -0.022008
0.690124 -0.021577
0.699831 -0.021139
0.709450 -0.020694
0.718975 -0.020243
0.728403 -0.019784
0.737730 -0.019320
0.746951 -0.018849
0.756062 -0.018372
0.765059 -0.017890
0.773938 -0.017402
0.782696 -0.016910
0.791328 -0.016412
0.799831 -0.015911
0.808200 -0.015405
0.816432 -0.014896
0.824524 -0.014384
0.832471 -0.013870
0.840270 -0.013353
0.847919 -0.012836
0.855412 -0.012317
0.862748 -0.011799
0.869922 -0.011282
0.876932 -0.010766
0.883774 -0.010252
0.890446 -0.009742
0.896944 -0.009235
0.903266 -0.008734
0.909408 -0.008238
0.915368 -0.007749
0.921144 -0.007268
0.926733 -0.006795
0.932132 -0.006332
0.937338 -0.005879
0.942351 -0.005438
0.947166 -0.005009
0.951783 -0.004593
0.956199 -0.004190
0.960412 -0.003803
0.964421 -0.003431
0.968223 -0.003075
0.971817 -0.002736
0.975201 -0.002415
0.978374 -0.002112
0.981335 -0.001827
0.984081 -0.001562
0.986612 -0.001316
0.988927 -0.001091
0.991025 -0.000886
0.992904 -0.000701
0.994564 -0.000538
0.996004 -0.000396
0.997224 -0.000275
0.998223 -0.000176
0.999000 -0.000099
0.999556 -0.000044
0.999889 -0.000011
1.000000 0.000000
