CLARK Y AIRFOIL optimized
1.000000 0.000599
0.999889 0.000624
0.999556 0.000698
0.999000 0.000821
0.998223 0.000994
0.997224 0.001218
0.996004 0.001491
0.994564 0.001816
0.992904 0.002192
0.991025 0.002619
0.988927 0.003099
0.986612 0.003631
0.984081 0.004216
0.981335 0.004855
0.978374 0.005548
0.975201 0.006294
0.971817 0.007095
0.968223 0.007950
0.964421 0.008858
0.960412 0.009821
0.956199 0.010837
0.951783 0.011906
0.947166 0.013027
0.942351 0.014199
0.937338 0.015423
0.932132 0.016696
0.926733 0.018018
0.921144 0.019388
0.915368 0.020804
0.909408 0.022266
0.903266 0.023771
0.896944 0.025320
0.890446 0.026911
0.883774 0.028542
0.876932 0.030212
0.869922 0.031920
0.862748 0.033665
0.855412 0.035446
0.847919 0.037261
0.840270 0.039109
0.832471 0.040990
0.824524 0.042900
0.816432 0.044840
0.808200 0.046808
0.799831 0.048802
0.791328 0.050819
0.782696 0.052859
0.773938 0.054919
0.765059 0.056996
0.756062 0.059087
0.746951 0.061190
0.737730 0.063301
0.728403 0.065416
0.718975 0.067532
0.709450 0.069643
0.699831 0.071745
0.690124 0.073834
0.680332 0.075902
0.670460 0.077946
0.660512 0.079959
0.650493 0.081935
0.640406 0.083868
0.630258 0.085752
0.620051 0.087580
0.609792 0.089347
0.599483 0.091046
0.589130 0.092671
0.578738 0.094217
0.568310 0.095678
0.557853 0.097050
0.547369 0.098328
0.536864 0.099508
0.526343 0.100587
0.515811 0.101563
0.505271 0.102432
0.494729 0.103193
0.484189 0.103846
0.473657 0.104391
0.463136 0.104828
0.452631 0.105158
0.442147 0.105383
0.431690 0.105506
0.421262 0.105528
0.410870 0.105455
0.400517 0.105288
0.390208 0.105033
0.379949 0.104694
0.369742 0.104274
0.359594 0.103779
0.349507 0.103213
0.339488 0.102579
0.329540 0.101884
0.319668 0.101129
0.309876 0.100320
0.300169 0.099458
0.290550 0.098548
0.281025 0.097591
0.271597 0.096590
0.262270 0.095545
0.253049 0.094457
0.243938 0.093328
0.234941 0.092157
0.226062 0.090944
0.217304 0.089688
0.208672 0.088388
0.200169 0.087042
0.191800 0.085649
0.183568 0.084208
0.175476 0.082717
0.167529 0.081175
0.159730 0.079580
0.152081 0.077930
0.144588 0.076226
0.137252 0.074467
0.130078 0.072653
0.123068 0.070784
0.116226 0.068861
0.109554 0.066887
0.103056 0.064862
0.096734 0.062791
0.090592 0.060675
0.084632 0.058519
0.078856 0.056328
0.073267 0.054106
0.067868 0.051857
0.062662 0.049589
0.057649 0.047305
0.052834 0.045013
0.048217 0.042717
0.043801 0.040424
0.039588 0.038139
0.035579 0.035868
0.031777 0.033615
0.028183 0.031385
0.024799 0.029182
0.021626 0.027010
0.018665 0.024871
0.015919 0.022768
0.013388 0.020701
0.011073 0.018671
0.008975 0.016677
0.007096 0.014720
0.005436 0.012796
0.003996 0.010904
0.002776 0.009041
0.001777 0.007201
0.001000 0.005383
0.000444 0.003579
0.000111 0.001787
0.000000 0.000000
0.000111 -0.000864
0.000444 -0.001722
0.001000 -0.002572
0.001777 -0.003407
0.002776 -0.004225
0.003996 -0.005019
0.005436 -0.005788
0.007096 -0.006528
0.008975 -0.007235
0.011073 -0.007909
0.013388 -0.008546
0.015919 -0.009146
0.018665 -0.009709
0.021626 -0.010234
0.024799 -0.010722
0.028183 -0.011174
0.031777 -0.011591
0.035579 -0.011975
0.039588 -0.012329
0.043801 -0.012655
0.048217 -0.012955
0.052834 -0.013234
0.057649 -0.013492
0.062662 -0.013735
0.067868 -0.013963
0.073267 -0.014181
0.078856 -0.014391
0.084632 -0.014594
0.090592 -0.014793
0.096734 -0.014990
0.103056 -0.015184
0.109554 -0.015378
0.116226 -0.015572
0.123068 -0.015764
0.130078 -0.015955
0.137252 -0.016142
0.144588 -0.016326
0.152081 -0.016503
0.159730 -0.016672
0.167529 -0.016829
0.175476 -0.016973
0.183568 -0.017100
0.191800 -0.017208
0.200169 -0.017292
0.208672 -0.017351
0.217304 -0.017382
0.226062 -0.017382
0.234941 -0.017348
0.243938 -0.017279
0.253049 -0.017173
0.262270 -0.017028
0.271597 -0.016844
0.281025 -0.016621
0.290550 -0.016358
0.300169 -0.016056
0.309876 -0.015716
0.319668 -0.015339
0.329540 -0.014929
0.339488 -0.014486
0.349507 -0.014014
0.359594 -0.013515
0.369742 -0.012994
0.379949 -0.012453
0.390208 -0.011897
0.400517 -0.011329
0.410870 -0.010754
0.421262 -0.010174
0.431690 -0.009594
0.442147 -0.009017
0.452631 -0.008448
0.463136 -0.007888
0.473657 -0.007341
0.484189 -0.006810
0.494729 -0.006296
0.505271 -0.005802
0.515811 -0.005329
0.526343 -0.004878
0.536864 -0.004451
0.547369 -0.004047
0.557853 -0.003667
0.568310 -0.003310
0.578738 -0.002976
0.589130 -0.002665
0.599483 -0.002374
0.609792 -0.002104
0.620051 -0.001852
0.630258 -0.001618
0.640406 -0.001400
0.650493 -0.001196
0.660512 -0.001006
0.670460 -0.000828
0.680332 -0.000660
0.690124 -0.000502
0.699831 -0.000353
0.709450 -0.000212
0.718975 -0.000077
0.728403 0.000050
0.737730 0.000172
0.746951 0.000287
0.756062 0.000396
0.765059 0.000498
0.773938 0.000594
0.782696 0.000683
0.791328 0.000765
0.799831 0.000840
0.808200 0.000905
0.816432 0.000963
0.824524 0.001011
0.832471 0.001050
0.840270 0.001079
0.847919 0.001098
0.855412 0.001106
0.862748 0.001105
0.869922 0.001093
0.876932 0.001072
0.883774 0.001042
0.890446 0.001002
0.896944 0.000954
0.903266 0.000899
0.909408 0.000837
0.915368 0.000769
0.921144 0.000696
0.926733 0.000619
0.932132 0.000539
0.937338 0.000458
0.942351 0.000376
0.947166 0.000293
0.951783 0.000212
0.956199 0.000133
0.960412 0.000056
0.964421 -0.000018
0.968223 -0.000088
0.971817 -0.000153
0.975201 -0.000214
0.978374 -0.000270
0.981335 -0.000322
0.984081 -0.000368
0.986612 -0.000409
0.988927 -0.000446
0.991025 -0.000478
0.992904 -0.000505
0.994564 -0.000529
0.996004 -0.000549
0.997224 -0.000565
0.998223 -0.000577
0.999000 -0.000587
0.999556 -0.000594
0.999889 -0.000598
1.000000 -0.000599
