NACA 0012 optimized
1.000000 0.000000
0.999889 0.000021
0.999556 0.000084
0.999000 0.000190
0.998223 0.000337
0.997224 0.000527
0.996004 0.000757
0.994564 0.001029
0.992904 0.001342
0.991025 0.001695
0.988927 0.002088
0.986612 0.002520
0.984081 0.002991
0.981335 0.003499
0.978374 0.004045
0.975201 0.004628
0.971817 0.005247
0.968223 0.005900
0.964421 0.006587
0.960412 0.007308
0.956199 0.008061
0.951783 0.008845
0.947166 0.009659
0.942351 0.010502
0.937338 0.011373
0.932132 0.012272
0.926733 0.013196
0.921144 0.014145
0.915368 0.015118
0.909408 0.016115
0.903266 0.017132
0.896944 0.018171
0.890446 0.019230
0.883774 0.020307
0.876932 0.021402
0.869922 0.022515
0.862748 0.023643
0.855412 0.024787
0.847919 0.025946
0.840270 0.027119
0.832471 0.028304
0.824524 0.029503
0.816432 0.030713
0.808200 0.031935
0.799831 0.033168
0.791328 0.034412
0.782696 0.035666
0.773938 0.036929
0.765059 0.038202
0.756062 0.039483
0.746951 0.040773
0.737730 0.042071
0.728403 0.043377
0.718975 0.044690
0.709450 0.046009
0.699831 0.047335
0.690124 0.048666
0.680332 0.050002
0.670460 0.051342
0.660512 0.052684
0.650493 0.054029
0.640406 0.055374
0.630258 0.056719
0.620051 0.058061
0.609792 0.059400
0.599483 0.060733
0.589130 0.062059
0.578738 0.063376
0.568310 0.064680
0.557853 0.065971
0.547369 0.067244
0.536864 0.068498
0.526343 0.069729
0.515811 0.070935
0.505271 0.072112
0.494729 0.073257
0.484189 0.074366
0.473657 0.075437
0.463136 0.076465
0.452631 0.077447
0.442147 0.078379
0.431690 0.079259
0.421262 0.080081
0.410870 0.080844
0.400517 0.081543
0.390208 0.082175
0.379949 0.082737
0.369742 0.083226
0.359594 0.083640
0.349507 0.083975
0.339488 0.084230
0.329540 0.084402
0.319668 0.084489
0.309876 0.084490
0.300169 0.084404
0.290550 0.084229
0.281025 0.083966
0.271597 0.083613
0.262270 0.083172
0.253049 0.082641
0.243938 0.082023
0.234941 0.081318
0.226062 0.080528
0.217304 0.079653
0.208672 0.078697
0.200169 0.077662
0.191800 0.076549
0.183568 0.075362
0.175476 0.074104
0.167529 0.072778
0.159730 0.071387
0.152081 0.069936
0.144588 0.068426
0.137252 0.066863
0.130078 0.065250
0.123068 0.063591
0.116226 0.061890
0.109554 0.060150
0.103056 0.058375
0.096734 0.056570
0.090592 0.054738
0.084632 0.052882
0.078856 0.051006
0.073267 0.049113
0.067868 0.047206
0.062662 0.045288
0.057649 0.043362
0.052834 0.041430
0.048217 0.039496
0.043801 0.037560
0.039588 0.035625
0.035579 0.033692
0.031777 0.031763
0.028183 0.029840
0.024799 0.027922
0.021626 0.026012
0.018665 0.024109
0.015919 0.022214
0.013388 0.020327
0.011073 0.018448
0.008975 0.016577
0.007096 0.014713
0.005436 0.012857
0.003996 0.011007
0.002776 0.009163
0.001777 0.007324
0.001000 0.005490
0.000444 0.003658
0.000111 0.001828
0.000000 0.000000
0.000111 -0.001107
0.000444 -0.002213
0.001000 -0.003316
0.001777 -0.004414
0.002776 -0.005508
0.003996 -0.006595
0.005436 -0.007673
0.007096 -0.008743
0.008975 -0.009802
0.011073 -0.010850
0.013388 -0.011884
0.015919 -0.012905
0.018665 -0.013911
0.021626 -0.014901
0.024799 -0.015875
0.028183 -0.016830
0.031777 -0.017768
0.035579 -0.018686
0.039588 -0.019584
0.043801 -0.020461
0.048217 -0.021317
0.052834 -0.022151
0.057649 -0.022963
0.062662 -0.023752
0.067868 -0.024518
0.073267 -0.025260
0.078856 -0.025978
0.084632 -0.026671
0.090592 -0.027340
0.096734 -0.027984
0.103056 -0.028603
0.109554 -0.029196
0.116226 -0.029763
0.123068 -0.030305
0.130078 -0.030820
0.137252 -0.031309
0.144588 -0.031772
0.152081 -0.032208
0.159730 -0.032618
0.167529 -0.033000
0.175476 -0.033356
0.183568 -0.033685
0.191800 -0.033988
0.200169 -0.034263
0.208672 -0.034511
0.217304 -0.034732
0.226062 -0.034926
0.234941 -0.035094
0.243938 -0.035234
0.253049 -0.035349
0.262270 -0.035437
0.271597 -0.035499
0.281025 -0.035535
0.290550 -0.035545
0.300169 -0.035531
0.309876 -0.035492
0.319668 -0.035429
0.329540 -0.035342
0.339488 -0.035232
0.349507 -0.035100
0.359594 -0.034946
0.369742 -0.034771
0.379949 -0.034575
0.390208 -0.034360
0.400517 -0.034126
0.410870 -0.033874
0.421262 -0.033605
0.431690 -0.033319
0.442147 -0.033018
0.452631 -0.032703
0.463136 -0.032374
0.473657 -0.032031
0.484189 -0.031677
0.494729 -0.031311
0.505271 -0.030935
0.515811 -0.030549
0.526343 -0.030154
0.536864 -0.029751
0.547369 -0.029339
0.557853 -0.028921
0.568310 -0.028495
0.578738 -0.028064
0.589130 -0.027626
0.599483 -0.027183
0.609792 -0.026734
0.620051 -0.026281
0.630258 -0.025822
0.640406 -0.025359
0.650493 -0.024892
0.660512 -0.024419
0.670460 -0.023943
0.680332 -0.023462
0.690124 -0.022976
0.699831 -0.022486
0.709450 -0.021992
0.718975 -0.021493
0.728403 -0.020989
0.737730 -0.020481
0.746951 -0.019969
0.756062 -0.019452
0.765059 -0.018930
0.773938 -0.018405
0.782696 -0.017875
0.791328 -0.017341
0.799831 -0.016804
0.808200 -0.016264
0.816432 -0.015720
0.824524 -0.015174
0.832471 -0.014626
0.840270 -0.014077
0.847919 -0.013527
0.855412 -0.012976
0.862748 -0.012426
0.869922 -0.011878
0.876932 -0.011331
0.883774 -0.010787
0.890446 -0.010247
0.896944 -0.009712
0.903266 -0.009182
0.909408 -0.008658
0.915368 -0.008143
0.921144 -0.007635
0.926733 -0.007137
0.932132 -0.006649
0.937338 -0.006173
0.942351 -0.005708
0.947166 -0.005257
0.951783 -0.004820
0.956199 -0.004397
0.960412 -0.003990
0.964421 -0.003600
0.968223 -0.003226
0.971817 -0.002871
0.975201 -0.002534
0.978374 -0.002216
0.981335 -0.001917
0.984081 -0.001639
0.986612 -0.001381
0.988927 -0.001145
0.991025 -0.000929
0.992904 -0.000736
0.994564 -0.000564
0.996004 -0.000415
0.997224 -0.000289
0.998223 -0.000185
0.999000 -0.000104
0.999556 -0.000046
0.999889 -0.000012
1.000000 0.000000
