NACA 2412 optimized
1.000000 0.000000
0.999889 0.000026
0.999556 0.000105
0.999000 0.000236
0.998223 0.000419
0.997224 0.000654
0.996004 0.000938
0.994564 0.001271
0.992904 0.001653
0.991025 0.002082
0.988927 0.002556
0.986612 0.003074
0.984081 0.003635
0.981335 0.004237
0.978374 0.004879
0.975201 0.005560
0.971817 0.006277
0.968223 0.007030
0.964421 0.007818
0.960412 0.008639
0.956199 0.009494
0.951783 0.010380
0.947166 0.011297
0.942351 0.012246
0.937338 0.013225
0.932132 0.014235
0.926733 0.015276
0.921144 0.016347
0.915368 0.017450
0.909408 0.018584
0.903266 0.019750
0.896944 0.020950
0.890446 0.022182
0.883774 0.023448
0.876932 0.024749
0.869922 0.026085
0.862748 0.027457
0.855412 0.028864
0.847919 0.030308
0.840270 0.031788
0.832471 0.033305
0.824524 0.034858
0.816432 0.036446
0.808200 0.038070
0.799831 0.039728
0.791328 0.041419
0.782696 0.043142
0.773938 0.044895
0.765059 0.046677
0.756062 0.048484
0.746951 0.050316
0.737730 0.052169
0.728403 0.054040
0.718975 0.055927
0.709450 0.057826
0.699831 0.059735
0.690124 0.061648
0.680332 0.063563
0.670460 0.065476
0.660512 0.067382
0.650493 0.069279
0.640406 0.071160
0.630258 0.073024
0.620051 0.074864
0.609792 0.076678
0.599483 0.078460
0.589130 0.080206
0.578738 0.081912
0.568310 0.083575
0.557853 0.085189
0.547369 0.086750
0.536864 0.088255
0.526343 0.089699
0.515811 0.091079
0.505271 0.092390
0.494729 0.093629
0.484189 0.094793
0.473657 0.095879
0.463136 0.096882
0.452631 0.097799
0.442147 0.098629
0.431690 0.099368
0.421262 0.100014
0.410870 0.100565
0.400517 0.101019
0.390208 0.101373
0.379949 0.101627
0.369742 0.101779
0.359594 0.101830
0.349507 0.101777
0.339488 0.101622
0.329540 0.101364
0.319668 0.101004
0.309876 0.100542
0.300169 0.099981
0.290550 0.099321
0.281025 0.098564
0.271597 0.097713
0.262270 0.096771
0.253049 0.095740
0.243938 0.094622
0.234941 0.093423
0.226062 0.092144
0.217304 0.090791
0.208672 0.089367
0.200169 0.087876
0.191800 0.086322
0.183568 0.084709
0.175476 0.083043
0.167529 0.081327
0.159730 0.079565
0.152081 0.077762
0.144588 0.075922
0.137252 0.074048
0.130078 0.072145
0.123068 0.070215
0.116226 0.068263
0.109554 0.066291
0.103056 0.064302
0.096734 0.062299
0.090592 0.060285
0.084632 0.058260
0.078856 0.056227
0.073267 0.054187
0.067868 0.052142
0.062662 0.050092
0.057649 0.048039
0.052834 0.045983
0.048217 0.043924
0.043801 0.041862
0.039588 0.039798
0.035579 0.037732
0.031777 0.035663
0.028183 0.033591
0.024799 0.031516
0.021626 0.029438
0.018665 0.027357
0.015919 0.025273
0.013388 0.023184
0.011073 0.021092
0.008975 0.018996
0.007096 0.016897
0.005436 0.014793
0.003996 0.012687
0.002776 0.010577
0.001777 0.008465
0.001000 0.006351
0.000444 0.004235
0.000111 0.002118
0.000000 0.000000
0.000111 -0.000994
0.000444 -0.001986
0.001000 -0.002977
0.001777 -0.003965
0.002776 -0.004948
0.003996 -0.005927
0.005436 -0.006899
0.007096 -0.007863
0.008975 -0.008819
0.011073 -0.009764
0.013388 -0.010697
0.015919 -0.011617
0.018665 -0.012522
0.021626 -0.013410
0.024799 -0.014280
0.028183 -0.015130
0.031777 -0.015958
0.035579 -0.016762
0.039588 -0.017539
0.043801 -0.018289
0.048217 -0.019009
0.052834 -0.019698
0.057649 -0.020353
0.062662 -0.020973
0.067868 -0.021556
0.073267 -0.022101
0.078856 -0.022605
0.084632 -0.023069
0.090592 -0.023490
0.096734 -0.023868
0.103056 -0.024202
0.109554 -0.024492
0.116226 -0.024736
0.123068 -0.024935
0.130078 -0.025089
0.137252 -0.025198
0.144588 -0.025262
0.152081 -0.025282
0.159730 -0.025260
0.167529 -0.025195
0.175476 -0.025089
0.183568 -0.024945
0.191800 -0.024762
0.200169 -0.024543
0.208672 -0.024289
0.217304 -0.024003
0.226062 -0.023687
0.234941 -0.023342
0.243938 -0.022971
0.253049 -0.022576
0.262270 -0.022158
0.271597 -0.021722
0.281025 -0.021267
0.290550 -0.020797
0.300169 -0.020314
0.309876 -0.019820
0.319668 -0.019316
0.329540 -0.018806
0.339488 -0.018290
0.349507 -0.017771
0.359594 -0.017250
0.369742 -0.016729
0.379949 -0.016209
0.390208 -0.015693
0.400517 -0.015180
0.410870 -0.014674
0.421262 -0.014175
0.431690 -0.013683
0.442147 -0.013201
0.452631 -0.012729
0.463136 -0.012269
0.473657 -0.011820
0.484189 -0.011384
0.494729 -0.010962
0.505271 -0.010554
0.515811 -0.010161
0.526343 -0.009783
0.536864 -0.009422
0.547369 -0.009076
0.557853 -0.008747
0.568310 -0.008436
0.578738 -0.008141
0.589130 -0.007864
0.599483 -0.007605
0.609792 -0.007363
0.620051 -0.007138
0.630258 -0.006930
0.640406 -0.006740
0.650493 -0.006566
0.660512 -0.006408
0.670460 -0.006266
0.680332 -0.006139
0.690124 -0.006026
0.699831 -0.005927
0.709450 -0.005840
0.718975 -0.005765
0.728403 -0.005701
0.737730 -0.005646
0.746951 -0.005600
0.756062 -0.005560
0.765059 -0.005527
0.773938 -0.005497
0.782696 -0.005471
0.791328 -0.005447
0.799831 -0.005424
0.808200 -0.005399
0.816432 -0.005373
0.824524 -0.005343
0.832471 -0.005309
0.840270 -0.005269
0.847919 -0.005222
0.855412 -0.005168
0.862748 -0.005105
0.869922 -0.005034
0.876932 -0.004952
0.883774 -0.004860
0.890446 -0.004758
0.896944 -0.004645
0.903266 -0.004522
0.909408 -0.004387
0.915368 -0.004243
0.921144 -0.004088
0.926733 -0.003924
0.932132 -0.003751
0.937338 -0.003570
0.942351 -0.003382
0.947166 -0.003187
0.951783 -0.002988
0.956199 -0.002785
0.960412 -0.002580
0.964421 -0.002373
0.968223 -0.002167
0.971817 -0.001962
0.975201 -0.001761
0.978374 -0.001564
0.981335 -0.001373
0.984081 -0.001190
0.986612 -0.001015
0.988927 -0.000851
0.991025 -0.000698
0.992904 -0.000558
0.994564 -0.000431
0.996004 -0.000320
0.997224 -0.000224
0.998223 -0.000144
0.999000 -0.000081
0.999556 -0.000036
0.999889 -0.000009
1.000000 0.000000
