NACA 0012 optimized
1.000000 0.000000
0.999889 0.000020
0.999556 0.000079
0.999000 0.000177
0.998223 0.000315
0.997224 0.000491
0.996004 0.000706
0.994564 0.000959
0.992904 0.001250
0.991025 0.001578
0.988927 0.001944
0.986612 0.002345
0.984081 0.002783
0.981335 0.003255
0.978374 0.003763
0.975201 0.004304
0.971817 0.004879
0.968223 0.005486
0.964421 0.006126
0.960412 0.006798
0.956199 0.007500
0.951783 0.008234
0.947166 0.008997
0.942351 0.009789
0.937338 0.010611
0.932132 0.011461
0.926733 0.012339
0.921144 0.013245
0.915368 0.014178
0.909408 0.015138
0.903266 0.016124
0.896944 0.017136
0.890446 0.018174
0.883774 0.019237
0.876932 0.020324
0.869922 0.021436
0.862748 0.022571
0.855412 0.023729
0.847919 0.024910
0.840270 0.026113
0.832471 0.027337
0.824524 0.028582
0.816432 0.029846
0.808200 0.031129
0.799831 0.032430
0.791328 0.033748
0.782696 0.035082
0.773938 0.036431
0.765059 0.037794
0.756062 0.039169
0.746951 0.040555
0.737730 0.041951
0.728403 0.043356
0.718975 0.044767
0.709450 0.046185
0.699831 0.047606
0.690124 0.049029
0.680332 0.050453
0.670460 0.051875
0.660512 0.053295
0.650493 0.054710
0.640406 0.056118
0.630258 0.057518
0.620051 0.058907
0.609792 0.060284
0.599483 0.061646
0.589130 0.062991
0.578738 0.064317
0.568310 0.065623
0.557853 0.066904
0.547369 0.068161
0.536864 0.069389
0.526343 0.070587
0.515811 0.071752
0.505271 0.072882
0.494729 0.073975
0.484189 0.075027
0.473657 0.076037
0.463136 0.077001
0.452631 0.077918
0.442147 0.078785
0.431690 0.079599
0.421262 0.080359
0.410870 0.081061
0.400517 0.081703
0.390208 0.082284
0.379949 0.082800
0.369742 0.083250
0.359594 0.083632
0.349507 0.083944
0.339488 0.084185
0.329540 0.084352
0.319668 0.084445
0.309876 0.084462
0.300169 0.084402
0.290550 0.084266
0.281025 0.084051
0.271597 0.083758
0.262270 0.083386
0.253049 0.082936
0.243938 0.082408
0.234941 0.081802
0.226062 0.081120
0.217304 0.080362
0.208672 0.079530
0.200169 0.078624
0.191800 0.077648
0.183568 0.076601
0.175476 0.075486
0.167529 0.074306
0.159730 0.073063
0.152081 0.071758
0.144588 0.070395
0.137252 0.068976
0.130078 0.067504
0.123068 0.065981
0.116226 0.064410
0.109554 0.062793
0.103056 0.061135
0.096734 0.059436
0.090592 0.057700
0.084632 0.055930
0.078856 0.054128
0.073267 0.052297
0.067868 0.050438
0.062662 0.048555
0.057649 0.046649
0.052834 0.044723
0.048217 0.042778
0.043801 0.040817
0.039588 0.038841
0.035579 0.036852
0.031777 0.034851
0.028183 0.032840
0.024799 0.030820
0.021626 0.028792
0.018665 0.026758
0.015919 0.024717
0.013388 0.022671
0.011073 0.020621
0.008975 0.018568
0.007096 0.016511
0.005436 0.014452
0.003996 0.012391
0.002776 0.010328
0.001777 0.008264
0.001000 0.006199
0.000444 0.004133
0.000111 0.002067
0.000000 0.000000
0.000111 -0.001362
0.000444 -0.002720
0.001000 -0.004073
0.001777 -0.005417
0.002776 -0.006749
0.003996 -0.008067
0.005436 -0.009368
0.007096 -0.010649
0.008975 -0.011908
0.011073 -0.013143
0.013388 -0.014351
0.015919 -0.015532
0.018665 -0.016682
0.021626 -0.017801
0.024799 -0.018887
0.028183 -0.019939
0.031777 -0.020956
0.035579 -0.021937
0.039588 -0.022883
0.043801 -0.023793
0.048217 -0.024666
0.052834 -0.025503
0.057649 -0.026304
0.062662 -0.027069
0.067868 -0.027800
0.073267 -0.028497
0.078856 -0.029160
0.084632 -0.029792
0.090592 -0.030393
0.096734 -0.030964
0.103056 -0.031506
0.109554 -0.032022
0.116226 -0.032512
0.123068 -0.032977
0.130078 -0.033419
0.137252 -0.033839
0.144588 -0.034238
0.152081 -0.034618
0.159730 -0.034980
0.167529 -0.035324
0.175476 -0.035652
0.183568 -0.035963
0.191800 -0.036260
0.200169 -0.036542
0.208672 -0.036810
0.217304 -0.037064
0.226062 -0.037304
0.234941 -0.037531
0.243938 -0.037743
0.253049 -0.037942
0.262270 -0.038125
0.271597 -0.038294
0.281025 -0.038447
0.290550 -0.038584
0.300169 -0.038704
0.309876 -0.038806
0.319668 -0.038890
0.329540 -0.038954
0.339488 -0.038998
0.349507 -0.039021
0.359594 -0.039023
0.369742 -0.039001
0.379949 -0.038956
0.390208 -0.038888
0.400517 -0.038794
0.410870 -0.038676
0.421262 -0.038532
0.431690 -0.038362
0.442147 -0.038166
0.452631 -0.037943
0.463136 -0.037694
0.473657 -0.037419
0.484189 -0.037118
0.494729 -0.036792
0.505271 -0.036440
0.515811 -0.036064
0.526343 -0.035664
0.536864 -0.035240
0.547369 -0.034794
0.557853 -0.034326
0.568310 -0.033838
0.578738 -0.033330
0.589130 -0.032804
0.599483 -0.032260
0.609792 -0.031700
0.620051 -0.031124
0.630258 -0.030535
0.640406 -0.029932
0.650493 -0.029318
0.660512 -0.028693
0.670460 -0.028059
0.680332 -0.027416
0.690124 -0.026765
0.699831 -0.026108
0.709450 -0.025445
0.718975 -0.024778
0.728403 -0.024107
0.737730 -0.023432
0.746951 -0.022756
0.756062 -0.022078
0.765059 -0.021399
0.773938 -0.020721
0.782696 -0.020043
0.791328 -0.019366
0.799831 -0.018691
0.808200 -0.018018
0.816432 -0.017348
0.824524 -0.016682
0.832471 -0.016020
0.840270 -0.015363
0.847919 -0.014711
0.855412 -0.014065
0.862748 -0.013426
0.869922 -0.012793
0.876932 -0.012168
0.883774 -0.011552
0.890446 -0.010944
0.896944 -0.010347
0.903266 -0.009759
0.909408 -0.009182
0.915368 -0.008617
0.921144 -0.008065
0.926733 -0.007525
0.932132 -0.006999
0.937338 -0.006487
0.942351 -0.005991
0.947166 -0.005510
0.951783 -0.005046
0.956199 -0.004598
0.960412 -0.004169
0.964421 -0.003758
0.968223 -0.003365
0.971817 -0.002992
0.975201 -0.002639
0.978374 -0.002306
0.981335 -0.001995
0.984081 -0.001704
0.986612 -0.001436
0.988927 -0.001189
0.991025 -0.000965
0.992904 -0.000764
0.994564 -0.000586
0.996004 -0.000431
0.997224 -0.000300
0.998223 -0.000192
0.999000 -0.000108
0.999556 -0.000048
0.999889 -0.000012
1.000000 0.000000
