NACA 2412 optimized
1.000000 0.000000
0.999889 0.000019
0.999556 0.000078
0.999000 0.000175
0.998223 0.000311
0.997224 0.000485
0.996004 0.000698
0.994564 0.000949
0.992904 0.001239
0.991025 0.001567
0.988927 0.001932
0.986612 0.002336
0.984081 0.002776
0.981335 0.003254
0.978374 0.003768
0.975201 0.004319
0.971817 0.004905
0.968223 0.005527
0.964421 0.006185
0.960412 0.006876
0.956199 0.007602
0.951783 0.008361
0.947166 0.009153
0.942351 0.009977
0.937338 0.010832
0.932132 0.011719
0.926733 0.012636
0.921144 0.013582
0.915368 0.014557
0.909408 0.015559
0.903266 0.016590
0.896944 0.017646
0.890446 0.018729
0.883774 0.019836
0.876932 0.020968
0.869922 0.022124
0.862748 0.023302
0.855412 0.024503
0.847919 0.025726
0.840270 0.026970
0.832471 0.028235
0.824524 0.029520
0.816432 0.030825
0.808200 0.032149
0.799831 0.033492
0.791328 0.034854
0.782696 0.036234
0.773938 0.037632
0.765059 0.039048
0.756062 0.040482
0.746951 0.041933
0.737730 0.043401
0.728403 0.044886
0.718975 0.046387
0.709450 0.047903
0.699831 0.049435
0.690124 0.050982
0.680332 0.052543
0.670460 0.054117
0.660512 0.055702
0.650493 0.057299
0.640406 0.058905
0.630258 0.060518
0.620051 0.062138
0.609792 0.063761
0.599483 0.065385
0.589130 0.067009
0.578738 0.068628
0.568310 0.070240
0.557853 0.071842
0.547369 0.073429
0.536864 0.074998
0.526343 0.076545
0.515811 0.078065
0.505271 0.079554
0.494729 0.081006
0.484189 0.082418
0.473657 0.083784
0.463136 0.085098
0.452631 0.086356
0.442147 0.087553
0.431690 0.088682
0.421262 0.089740
0.410870 0.090720
0.400517 0.091618
0.390208 0.092430
0.379949 0.093150
0.369742 0.093774
0.359594 0.094300
0.349507 0.094722
0.339488 0.095038
0.329540 0.095245
0.319668 0.095341
0.309876 0.095323
0.300169 0.095191
0.290550 0.094945
0.281025 0.094582
0.271597 0.094104
0.262270 0.093512
0.253049 0.092806
0.243938 0.091989
0.234941 0.091063
0.226062 0.090030
0.217304 0.088894
0.208672 0.087659
0.200169 0.086328
0.191800 0.084906
0.183568 0.083398
0.175476 0.081808
0.167529 0.080142
0.159730 0.078405
0.152081 0.076603
0.144588 0.074742
0.137252 0.072826
0.130078 0.070863
0.123068 0.068856
0.116226 0.066813
0.109554 0.064738
0.103056 0.062636
0.096734 0.060513
0.090592 0.058374
0.084632 0.056222
0.078856 0.054063
0.073267 0.051901
0.067868 0.049738
0.062662 0.047579
0.057649 0.045426
0.052834 0.043282
0.048217 0.041149
0.043801 0.039030
0.039588 0.036926
0.035579 0.034839
0.031777 0.032768
0.028183 0.030716
0.024799 0.028683
0.021626 0.026668
0.018665 0.024671
0.015919 0.022693
0.013388 0.020733
0.011073 0.018789
0.008975 0.016861
0.007096 0.014948
0.005436 0.013049
0.003996 0.011161
0.002776 0.009285
0.001777 0.007417
0.001000 0.005556
0.000444 0.003701
0.000111 0.001850
0.000000 0.000000
0.000111 -0.000860
0.000444 -0.001723
0.001000 -0.002592
0.001777 -0.003470
0.002776 -0.004359
0.003996 -0.005262
0.005436 -0.006182
0.007096 -0.007119
0.008975 -0.008076
0.011073 -0.009054
0.013388 -0.010054
0.015919 -0.011075
0.018665 -0.012119
0.021626 -0.013183
0.024799 -0.014268
0.028183 -0.015371
0.031777 -0.016492
0.035579 -0.017627
0.039588 -0.018774
0.043801 -0.019931
0.048217 -0.021093
0.052834 -0.022257
0.057649 -0.023420
0.062662 -0.024578
0.067868 -0.025725
0.073267 -0.026859
0.078856 -0.027975
0.084632 -0.029069
0.090592 -0.030136
0.096734 -0.031174
0.103056 -0.032177
0.109554 -0.033142
0.116226 -0.034066
0.123068 -0.034946
0.130078 -0.035779
0.137252 -0.036563
0.144588 -0.037294
0.152081 -0.037972
0.159730 -0.038595
0.167529 -0.039163
0.175476 -0.039673
0.183568 -0.040126
0.191800 -0.040523
0.200169 -0.040862
0.208672 -0.041146
0.217304 -0.041374
0.226062 -0.041548
0.234941 -0.041670
0.243938 -0.041741
0.253049 -0.041762
0.262270 -0.041737
0.271597 -0.041666
0.281025 -0.041553
0.290550 -0.041398
0.300169 -0.041206
0.309876 -0.040977
0.319668 -0.040715
0.329540 -0.040420
0.339488 -0.040097
0.349507 -0.039746
0.359594 -0.039371
0.369742 -0.038972
0.379949 -0.038552
0.390208 -0.038112
0.400517 -0.037655
0.410870 -0.037181
0.421262 -0.036693
0.431690 -0.036191
0.442147 -0.035678
0.452631 -0.035153
0.463136 -0.034619
0.473657 -0.034076
0.484189 -0.033525
0.494729 -0.032968
0.505271 -0.032404
0.515811 -0.031835
0.526343 -0.031262
0.536864 -0.030684
0.547369 -0.030103
0.557853 -0.029520
0.568310 -0.028934
0.578738 -0.028346
0.589130 -0.027758
0.599483 -0.027169
0.609792 -0.026579
0.620051 -0.025990
0.630258 -0.025401
0.640406 -0.024813
0.650493 -0.024226
0.660512 -0.023640
0.670460 -0.023057
0.680332 -0.022475
0.690124 -0.021895
0.699831 -0.021318
0.709450 -0.020743
0.718975 -0.020171
0.728403 -0.019602
0.737730 -0.019035
0.746951 -0.018471
0.756062 -0.017910
0.765059 -0.017352
0.773938 -0.016797
0.782696 -0.016245
0.791328 -0.015696
0.799831 -0.015150
0.808200 -0.014608
0.816432 -0.014069
0.824524 -0.013533
0.832471 -0.013002
0.840270 -0.012474
0.847919 -0.011950
0.855412 -0.011431
0.862748 -0.010917
0.869922 -0.010407
0.876932 -0.009904
0.883774 -0.009406
0.890446 -0.008915
0.896944 -0.008431
0.903266 -0.007955
0.909408 -0.007487
0.915368 -0.007028
0.921144 -0.006578
0.926733 -0.006138
0.932132 -0.005709
0.937338 -0.005291
0.942351 -0.004885
0.947166 -0.004492
0.951783 -0.004113
0.956199 -0.003747
0.960412 -0.003396
0.964421 -0.003059
0.968223 -0.002738
0.971817 -0.002434
0.975201 -0.002145
0.978374 -0.001874
0.981335 -0.001620
0.984081 -0.001383
0.986612 -0.001165
0.988927 -0.000964
0.991025 -0.000782
0.992904 -0.000619
0.994564 -0.000474
0.996004 -0.000349
0.997224 -0.000242
0.998223 -0.000155
0.999000 -0.000087
0.999556 -0.000039
0.999889 -0.000010
1.000000 0.000000
