NACA 2412 optimized
1.000000 0.000000
0.999889 0.000020
0.999556 0.000078
0.999000 0.000176
0.998223 0.000312
0.997224 0.000487
0.996004 0.000700
0.994564 0.000951
0.992904 0.001240
0.991025 0.001567
0.988927 0.001930
0.986612 0.002331
0.984081 0.002768
0.981335 0.003241
0.978374 0.003750
0.975201 0.004296
0.971817 0.004877
0.968223 0.005494
0.964421 0.006147
0.960412 0.006836
0.956199 0.007562
0.951783 0.008324
0.947166 0.009123
0.942351 0.009960
0.937338 0.010835
0.932132 0.011749
0.926733 0.012702
0.921144 0.013695
0.915368 0.014729
0.909408 0.015805
0.903266 0.016923
0.896944 0.018083
0.890446 0.019288
0.883774 0.020536
0.876932 0.021828
0.869922 0.023166
0.862748 0.024548
0.855412 0.025975
0.847919 0.027446
0.840270 0.028962
0.832471 0.030521
0.824524 0.032123
0.816432 0.033767
0.808200 0.035452
0.799831 0.037175
0.791328 0.038936
0.782696 0.040733
0.773938 0.042563
0.765059 0.044425
0.756062 0.046314
0.746951 0.048230
0.737730 0.050168
0.728403 0.052126
0.718975 0.054101
0.709450 0.056089
0.699831 0.058087
0.690124 0.060091
0.680332 0.062097
0.670460 0.064102
0.660512 0.066101
0.650493 0.068091
0.640406 0.070068
0.630258 0.072028
0.620051 0.073966
0.609792 0.075879
0.599483 0.077763
0.589130 0.079613
0.578738 0.081426
0.568310 0.083197
0.557853 0.084922
0.547369 0.086598
0.536864 0.088221
0.526343 0.089786
0.515811 0.091289
0.505271 0.092727
0.494729 0.094096
0.484189 0.095393
0.473657 0.096612
0.463136 0.097752
0.452631 0.098808
0.442147 0.099778
0.431690 0.100657
0.421262 0.101444
0.410870 0.102135
0.400517 0.102727
0.390208 0.103218
0.379949 0.103606
0.369742 0.103889
0.359594 0.104065
0.349507 0.104132
0.339488 0.104091
0.329540 0.103940
0.319668 0.103679
0.309876 0.103307
0.300169 0.102825
0.290550 0.102235
0.281025 0.101536
0.271597 0.100731
0.262270 0.099821
0.253049 0.098809
0.243938 0.097698
0.234941 0.096490
0.226062 0.095189
0.217304 0.093799
0.208672 0.092323
0.200169 0.090765
0.191800 0.089131
0.183568 0.087424
0.175476 0.085650
0.167529 0.083814
0.159730 0.081920
0.152081 0.079973
0.144588 0.077979
0.137252 0.075943
0.130078 0.073869
0.123068 0.071762
0.116226 0.069628
0.109554 0.067470
0.103056 0.065293
0.096734 0.063101
0.090592 0.060899
0.084632 0.058688
0.078856 0.056474
0.073267 0.054259
0.067868 0.052045
0.062662 0.049836
0.057649 0.047632
0.052834 0.045437
0.048217 0.043252
0.043801 0.041077
0.039588 0.038914
0.035579 0.036764
0.031777 0.034628
0.028183 0.032504
0.024799 0.030395
0.021626 0.028299
0.018665 0.026215
0.015919 0.024145
0.013388 0.022087
0.011073 0.020040
0.008975 0.018004
0.007096 0.015978
0.005436 0.013961
0.003996 0.011951
0.002776 0.009949
0.001777 0.007952
0.001000 0.005960
0.000444 0.003971
0.000111 0.001985
0.000000 0.000000
0.000111 -0.001250
0.000444 -0.002497
0.001000 -0.003734
0.001777 -0.004959
0.002776 -0.006166
0.003996 -0.007352
0.005436 -0.008514
0.007096 -0.009646
0.008975 -0.010746
0.011073 -0.011809
0.013388 -0.012834
0.015919 -0.013817
0.018665 -0.014755
0.021626 -0.015645
0.024799 -0.016487
0.028183 -0.017277
0.031777 -0.018015
0.035579 -0.018698
0.039588 -0.019327
0.043801 -0.019901
0.048217 -0.020419
0.052834 -0.020882
0.057649 -0.021290
0.062662 -0.021643
0.067868 -0.021944
0.073267 -0.022192
0.078856 -0.022390
0.084632 -0.022540
0.090592 -0.022643
0.096734 -0.022701
0.103056 -0.022718
0.109554 -0.022696
0.116226 -0.022637
0.123068 -0.022545
0.130078 -0.022422
0.137252 -0.022270
0.144588 -0.022094
0.152081 -0.021896
0.159730 -0.021678
0.167529 -0.021444
0.175476 -0.021196
0.183568 -0.020936
0.191800 -0.020668
0.200169 -0.020392
0.208672 -0.020112
0.217304 -0.019829
0.226062 -0.019544
0.234941 -0.019259
0.243938 -0.018976
0.253049 -0.018694
0.262270 -0.018416
0.271597 -0.018140
0.281025 -0.017868
0.290550 -0.017600
0.300169 -0.017336
0.309876 -0.017075
0.319668 -0.016817
0.329540 -0.016561
0.339488 -0.016308
0.349507 -0.016056
0.359594 -0.015805
0.369742 -0.015554
0.379949 -0.015302
0.390208 -0.015050
0.400517 -0.014795
0.410870 -0.014538
0.421262 -0.014279
0.431690 -0.014016
0.442147 -0.013751
0.452631 -0.013482
0.463136 -0.013210
0.473657 -0.012935
0.484189 -0.012658
0.494729 -0.012379
0.505271 -0.012099
0.515811 -0.011818
0.526343 -0.011538
0.536864 -0.011260
0.547369 -0.010984
0.557853 -0.010712
0.568310 -0.010446
0.578738 -0.010186
0.589130 -0.009934
0.599483 -0.009691
0.609792 -0.009458
0.620051 -0.009238
0.630258 -0.009029
0.640406 -0.008835
0.650493 -0.008654
0.660512 -0.008489
0.670460 -0.008340
0.680332 -0.008206
0.690124 -0.008089
0.699831 -0.007987
0.709450 -0.007902
0.718975 -0.007831
0.728403 -0.007775
0.737730 -0.007732
0.746951 -0.007702
0.756062 -0.007682
0.765059 -0.007672
0.773938 -0.007670
0.782696 -0.007675
0.791328 -0.007683
0.799831 -0.007693
0.808200 -0.007704
0.816432 -0.007713
0.824524 -0.007718
0.832471 -0.007717
0.840270 -0.007708
0.847919 -0.007689
0.855412 -0.007658
0.862748 -0.007613
0.869922 -0.007554
0.876932 -0.007478
0.883774 -0.007385
0.890446 -0.007274
0.896944 -0.007144
0.903266 -0.006994
0.909408 -0.006824
0.915368 -0.006636
0.921144 -0.006428
0.926733 -0.006201
0.932132 -0.005957
0.937338 -0.005696
0.942351 -0.005421
0.947166 -0.005132
0.951783 -0.004831
0.956199 -0.004521
0.960412 -0.004203
0.964421 -0.003880
0.968223 -0.003555
0.971817 -0.003229
0.975201 -0.002906
0.978374 -0.002588
0.981335 -0.002278
0.984081 -0.001979
0.986612 -0.001692
0.988927 -0.001421
0.991025 -0.001168
0.992904 -0.000935
0.994564 -0.000724
0.996004 -0.000537
0.997224 -0.000376
0.998223 -0.000242
0.999000 -0.000137
0.999556 -0.000061
0.999889 -0.000015
1.000000 0.000000
