NACA 2412 optimized
1.000000 0.000000
0.999889 0.000031
0.999556 0.000124
0.999000 0.000279
0.998223 0.000495
0.997224 0.000773
0.996004 0.001111
0.994564 0.001510
0.992904 0.001969
0.991025 0.002488
0.988927 0.003064
0.986612 0.003699
0.984081 0.004391
0.981335 0.005139
0.978374 0.005942
0.975201 0.006800
0.971817 0.007710
0.968223 0.008673
0.964421 0.009687
0.960412 0.010750
0.956199 0.011861
0.951783 0.013020
0.947166 0.014224
0.942351 0.015472
0.937338 0.016762
0.932132 0.018093
0.926733 0.019463
0.921144 0.020870
0.915368 0.022312
0.909408 0.023786
0.903266 0.025291
0.896944 0.026825
0.890446 0.028384
0.883774 0.029966
0.876932 0.031568
0.869922 0.033188
0.862748 0.034822
0.855412 0.036467
0.847919 0.038121
0.840270 0.039779
0.832471 0.041439
0.824524 0.043097
0.816432 0.044749
0.808200 0.046392
0.799831 0.048023
0.791328 0.049637
0.782696 0.051232
0.773938 0.052804
0.765059 0.054350
0.756062 0.055867
0.746951 0.057352
0.737730 0.058801
0.728403 0.060213
0.718975 0.061585
0.709450 0.062914
0.699831 0.064199
0.690124 0.065439
0.680332 0.066631
0.670460 0.067774
0.660512 0.068868
0.650493 0.069912
0.640406 0.070906
0.630258 0.071850
0.620051 0.072743
0.609792 0.073587
0.599483 0.074382
0.589130 0.075129
0.578738 0.075829
0.568310 0.076483
0.557853 0.077092
0.547369 0.077658
0.536864 0.078181
0.526343 0.078664
0.515811 0.079108
0.505271 0.079513
0.494729 0.079882
0.484189 0.080215
0.473657 0.080512
0.463136 0.080776
0.452631 0.081006
0.442147 0.081204
0.431690 0.081368
0.421262 0.081499
0.410870 0.081597
0.400517 0.081661
0.390208 0.081691
0.379949 0.081685
0.369742 0.081643
0.359594 0.081563
0.349507 0.081444
0.339488 0.081284
0.329540 0.081081
0.319668 0.080833
0.309876 0.080540
0.300169 0.080198
0.290550 0.079806
0.281025 0.079363
0.271597 0.078865
0.262270 0.078313
0.253049 0.077704
0.243938 0.077037
0.234941 0.076312
0.226062 0.075526
0.217304 0.074680
0.208672 0.073773
0.200169 0.072806
0.191800 0.071777
0.183568 0.070689
0.175476 0.069541
0.167529 0.068335
0.159730 0.067073
0.152081 0.065755
0.144588 0.064384
0.137252 0.062962
0.130078 0.061491
0.123068 0.059975
0.116226 0.058415
0.109554 0.056815
0.103056 0.055178
0.096734 0.053507
0.090592 0.051805
0.084632 0.050076
0.078856 0.048322
0.073267 0.046548
0.067868 0.044756
0.062662 0.042949
0.057649 0.041130
0.052834 0.039303
0.048217 0.037469
0.043801 0.035632
0.039588 0.033794
0.035579 0.031956
0.031777 0.030121
0.028183 0.028290
0.024799 0.026465
0.021626 0.024646
0.018665 0.022836
0.015919 0.021033
0.013388 0.019239
0.011073 0.017455
0.008975 0.015679
0.007096 0.013911
0.005436 0.012152
0.003996 0.010401
0.002776 0.008656
0.001777 0.006918
0.001000 0.005184
0.000444 0.003454
0.000111 0.001726
0.000000 0.000000
0.000111 -0.001757
0.000444 -0.003510
0.001000 -0.005253
0.001777 -0.006982
0.002776 -0.008693
0.003996 -0.010380
0.005436 -0.012040
0.007096 -0.013669
0.008975 -0.015262
0.011073 -0.016816
0.013388 -0.018329
0.015919 -0.019796
0.018665 -0.021215
0.021626 -0.022584
0.024799 -0.023901
0.028183 -0.025164
0.031777 -0.026371
0.035579 -0.027522
0.039588 -0.028616
0.043801 -0.029652
0.048217 -0.030630
0.052834 -0.031551
0.057649 -0.032415
0.062662 -0.033223
0.067868 -0.033976
0.073267 -0.034674
0.078856 -0.035321
0.084632 -0.035916
0.090592 -0.036463
0.096734 -0.036963
0.103056 -0.037417
0.109554 -0.037828
0.116226 -0.038199
0.123068 -0.038530
0.130078 -0.038825
0.137252 -0.039085
0.144588 -0.039312
0.152081 -0.039509
0.159730 -0.039677
0.167529 -0.039818
0.175476 -0.039934
0.183568 -0.040026
0.191800 -0.040095
0.200169 -0.040143
0.208672 -0.040171
0.217304 -0.040180
0.226062 -0.040171
0.234941 -0.040144
0.243938 -0.040099
0.253049 -0.040038
0.262270 -0.039961
0.271597 -0.039867
0.281025 -0.039757
0.290550 -0.039632
0.300169 -0.039490
0.309876 -0.039332
0.319668 -0.039157
0.329540 -0.038967
0.339488 -0.038759
0.349507 -0.038536
0.359594 -0.038295
0.369742 -0.038037
0.379949 -0.037763
0.390208 -0.037472
0.400517 -0.037164
0.410870 -0.036839
0.421262 -0.036498
0.431690 -0.036141
0.442147 -0.035768
0.452631 -0.035379
0.463136 -0.034975
0.473657 -0.034557
0.484189 -0.034125
0.494729 -0.033680
0.505271 -0.033223
0.515811 -0.032753
0.526343 -0.032273
0.536864 -0.031782
0.547369 -0.031282
0.557853 -0.030774
0.568310 -0.030257
0.578738 -0.029734
0.589130 -0.029204
0.599483 -0.028668
0.609792 -0.028127
0.620051 -0.027583
0.630258 -0.027034
0.640406 -0.026482
0.650493 -0.025927
0.660512 -0.025370
0.670460 -0.024811
0.680332 -0.024251
0.690124 -0.023689
0.699831 -0.023125
0.709450 -0.022561
0.718975 -0.021996
0.728403 -0.021430
0.737730 -0.020864
0.746951 -0.020297
0.756062 -0.019729
0.765059 -0.019161
0.773938 -0.018592
0.782696 -0.018023
0.791328 -0.017454
0.799831 -0.016884
0.808200 -0.016315
0.816432 -0.015746
0.824524 -0.015177
0.832471 -0.014609
0.840270 -0.014043
0.847919 -0.013478
0.855412 -0.012915
0.862748 -0.012354
0.869922 -0.011797
0.876932 -0.011244
0.883774 -0.010694
0.890446 -0.010151
0.896944 -0.009613
0.903266 -0.009081
0.909408 -0.008558
0.915368 -0.008042
0.921144 -0.007536
0.926733 -0.007040
0.932132 -0.006554
0.937338 -0.006081
0.942351 -0.005620
0.947166 -0.005173
0.951783 -0.004740
0.956199 -0.004322
0.960412 -0.003920
0.964421 -0.003535
0.968223 -0.003166
0.971817 -0.002816
0.975201 -0.002484
0.978374 -0.002171
0.981335 -0.001878
0.984081 -0.001605
0.986612 -0.001352
0.988927 -0.001120
0.991025 -0.000909
0.992904 -0.000719
0.994564 -0.000552
0.996004 -0.000406
0.997224 -0.000282
0.998223 -0.000181
0.999000 -0.000102
0.999556 -0.000045
0.999889 -0.000011
1.000000 0.000000
