CLARK Y AIRFOIL optimized
1.000000 0.000599
0.999889 0.000624
0.999556 0.000698
0.999000 0.000822
0.998223 0.000996
0.997224 0.001221
0.996004 0.001496
0.994564 0.001822
0.992904 0.002199
0.991025 0.002629
0.988927 0.003111
0.986612 0.003646
0.984081 0.004234
0.981335 0.004876
0.978374 0.005572
0.975201 0.006322
0.971817 0.007126
0.968223 0.007985
0.964421 0.008898
0.960412 0.009866
0.956199 0.010886
0.951783 0.011960
0.947166 0.013087
0.942351 0.014265
0.937338 0.015494
0.932132 0.016773
0.926733 0.018101
0.921144 0.019477
0.915368 0.020900
0.909408 0.022369
0.903266 0.023882
0.896944 0.025438
0.890446 0.027037
0.883774 0.028676
0.876932 0.030355
0.869922 0.032072
0.862748 0.033827
0.855412 0.035618
0.847919 0.037444
0.840270 0.039304
0.832471 0.041196
0.824524 0.043121
0.816432 0.045075
0.808200 0.047058
0.799831 0.049069
0.791328 0.051105
0.782696 0.053165
0.773938 0.055246
0.765059 0.057346
0.756062 0.059462
0.746951 0.061592
0.737730 0.063732
0.728403 0.065879
0.718975 0.068028
0.709450 0.070175
0.699831 0.072315
0.690124 0.074444
0.680332 0.076556
0.670460 0.078645
0.660512 0.080705
0.650493 0.082731
0.640406 0.084716
0.630258 0.086654
0.620051 0.088538
0.609792 0.090362
0.599483 0.092120
0.589130 0.093806
0.578738 0.095413
0.568310 0.096936
0.557853 0.098370
0.547369 0.099711
0.536864 0.100953
0.526343 0.102093
0.515811 0.103128
0.505271 0.104055
0.494729 0.104872
0.484189 0.105578
0.473657 0.106173
0.463136 0.106657
0.452631 0.107029
0.442147 0.107293
0.431690 0.107449
0.421262 0.107499
0.410870 0.107448
0.400517 0.107298
0.390208 0.107052
0.379949 0.106716
0.369742 0.106293
0.359594 0.105786
0.349507 0.105202
0.339488 0.104543
0.329540 0.103814
0.319668 0.103018
0.309876 0.102160
0.300169 0.101243
0.290550 0.100270
0.281025 0.099243
0.271597 0.098164
0.262270 0.097036
0.253049 0.095859
0.243938 0.094635
0.234941 0.093364
0.226062 0.092045
0.217304 0.090680
0.208672 0.089267
0.200169 0.087806
0.191800 0.086295
0.183568 0.084735
0.175476 0.083123
0.167529 0.081460
0.159730 0.079745
0.152081 0.077976
0.144588 0.076155
0.137252 0.074281
0.130078 0.072355
0.123068 0.070378
0.116226 0.068352
0.109554 0.066279
0.103056 0.064162
0.096734 0.062003
0.090592 0.059807
0.084632 0.057578
0.078856 0.055320
0.073267 0.053039
0.067868 0.050741
0.062662 0.048429
0.057649 0.046112
0.052834 0.043794
0.048217 0.041481
0.043801 0.039179
0.039588 0.036894
0.035579 0.034631
0.031777 0.032395
0.028183 0.030190
0.024799 0.028019
0.021626 0.025887
0.018665 0.023796
0.015919 0.021746
0.013388 0.019740
0.011073 0.017777
0.008975 0.015856
0.007096 0.013977
0.005436 0.012136
0.003996 0.010330
0.002776 0.008557
0.001777 0.006811
0.001000 0.005087
0.000444 0.003382
0.000111 0.001688
0.000000 0.000000
0.000111 -0.000869
0.000444 -0.001731
0.001000 -0.002580
0.001777 -0.003409
0.002776 -0.004212
0.003996 -0.004983
0.005436 -0.005717
0.007096 -0.006410
0.008975 -0.007056
0.011073 -0.007654
0.013388 -0.008200
0.015919 -0.008691
0.018665 -0.009129
0.021626 -0.009511
0.024799 -0.009838
0.028183 -0.010112
0.031777 -0.010334
0.035579 -0.010508
0.039588 -0.010636
0.043801 -0.010722
0.048217 -0.010770
0.052834 -0.010784
0.057649 -0.010771
0.062662 -0.010734
0.067868 -0.010678
0.073267 -0.010610
0.078856 -0.010533
0.084632 -0.010453
0.090592 -0.010375
0.096734 -0.010301
0.103056 -0.010238
0.109554 -0.010186
0.116226 -0.010151
0.123068 -0.010133
0.130078 -0.010135
0.137252 -0.010158
0.144588 -0.010202
0.152081 -0.010268
0.159730 -0.010354
0.167529 -0.010460
0.175476 -0.010584
0.183568 -0.010724
0.191800 -0.010877
0.200169 -0.011041
0.208672 -0.011212
0.217304 -0.011387
0.226062 -0.011563
0.234941 -0.011736
0.243938 -0.011902
0.253049 -0.012058
0.262270 -0.012201
0.271597 -0.012326
0.281025 -0.012432
0.290550 -0.012514
0.300169 -0.012572
0.309876 -0.012602
0.319668 -0.012602
0.329540 -0.012572
0.339488 -0.012509
0.349507 -0.012414
0.359594 -0.012285
0.369742 -0.012124
0.379949 -0.011929
0.390208 -0.011703
0.400517 -0.011445
0.410870 -0.011157
0.421262 -0.010841
0.431690 -0.010497
0.442147 -0.010129
0.452631 -0.009737
0.463136 -0.009324
0.473657 -0.008892
0.484189 -0.008443
0.494729 -0.007979
0.505271 -0.007503
0.515811 -0.007016
0.526343 -0.006521
0.536864 -0.006020
0.547369 -0.005515
0.557853 -0.005007
0.568310 -0.004499
0.578738 -0.003992
0.589130 -0.003488
0.599483 -0.002989
0.609792 -0.002496
0.620051 -0.002012
0.630258 -0.001536
0.640406 -0.001071
0.650493 -0.000618
0.660512 -0.000179
0.670460 0.000245
0.680332 0.000653
0.690124 0.001043
0.699831 0.001415
0.709450 0.001766
0.718975 0.002097
0.728403 0.002405
0.737730 0.002691
0.746951 0.002952
0.756062 0.003187
0.765059 0.003398
0.773938 0.003582
0.782696 0.003739
0.791328 0.003869
0.799831 0.003972
0.808200 0.004047
0.816432 0.004096
0.824524 0.004118
0.832471 0.004115
0.840270 0.004087
0.847919 0.004034
0.855412 0.003959
0.862748 0.003863
0.869922 0.003747
0.876932 0.003613
0.883774 0.003462
0.890446 0.003298
0.896944 0.003121
0.903266 0.002935
0.909408 0.002740
0.915368 0.002540
0.921144 0.002335
0.926733 0.002129
0.932132 0.001923
0.937338 0.001720
0.942351 0.001520
0.947166 0.001325
0.951783 0.001137
0.956199 0.000956
0.960412 0.000785
0.964421 0.000624
0.968223 0.000472
0.971817 0.000332
0.975201 0.000203
0.978374 0.000084
0.981335 -0.000023
0.984081 -0.000119
0.986612 -0.000205
0.988927 -0.000281
0.991025 -0.000347
0.992904 -0.000404
0.994564 -0.000453
0.996004 -0.000494
0.997224 -0.000527
0.998223 -0.000554
0.999000 -0.000574
0.999556 -0.000588
0.999889 -0.000596
1.000000 -0.000599
