NACA 2412 optimized
1.000000 0.000000
0.999889 0.000026
0.999556 0.000102
0.999000 0.000230
0.998223 0.000408
0.997224 0.000637
0.996004 0.000916
0.994564 0.001244
0.992904 0.001622
0.991025 0.002050
0.988927 0.002525
0.986612 0.003049
0.984081 0.003619
0.981335 0.004237
0.978374 0.004901
0.975201 0.005611
0.971817 0.006366
0.968223 0.007165
0.964421 0.008009
0.960412 0.008897
0.956199 0.009828
0.951783 0.010802
0.947166 0.011818
0.942351 0.012876
0.937338 0.013976
0.932132 0.015117
0.926733 0.016300
0.921144 0.017523
0.915368 0.018785
0.909408 0.020088
0.903266 0.021430
0.896944 0.022810
0.890446 0.024228
0.883774 0.025683
0.876932 0.027174
0.869922 0.028701
0.862748 0.030262
0.855412 0.031856
0.847919 0.033481
0.840270 0.035137
0.832471 0.036822
0.824524 0.038533
0.816432 0.040269
0.808200 0.042029
0.799831 0.043808
0.791328 0.045607
0.782696 0.047421
0.773938 0.049248
0.765059 0.051087
0.756062 0.052933
0.746951 0.054784
0.737730 0.056637
0.728403 0.058489
0.718975 0.060336
0.709450 0.062176
0.699831 0.064006
0.690124 0.065822
0.680332 0.067620
0.670460 0.069398
0.660512 0.071152
0.650493 0.072879
0.640406 0.074576
0.630258 0.076238
0.620051 0.077863
0.609792 0.079447
0.599483 0.080987
0.589130 0.082479
0.578738 0.083921
0.568310 0.085308
0.557853 0.086638
0.547369 0.087908
0.536864 0.089113
0.526343 0.090252
0.515811 0.091320
0.505271 0.092315
0.494729 0.093234
0.484189 0.094074
0.473657 0.094832
0.463136 0.095506
0.452631 0.096093
0.442147 0.096590
0.431690 0.096997
0.421262 0.097310
0.410870 0.097529
0.400517 0.097652
0.390208 0.097678
0.379949 0.097606
0.369742 0.097436
0.359594 0.097168
0.349507 0.096803
0.339488 0.096340
0.329540 0.095781
0.319668 0.095127
0.309876 0.094381
0.300169 0.093544
0.290550 0.092620
0.281025 0.091610
0.271597 0.090520
0.262270 0.089351
0.253049 0.088109
0.243938 0.086797
0.234941 0.085420
0.226062 0.083982
0.217304 0.082488
0.208672 0.080944
0.200169 0.079353
0.191800 0.077721
0.183568 0.076053
0.175476 0.074354
0.167529 0.072627
0.159730 0.070878
0.152081 0.069110
0.144588 0.067328
0.137252 0.065535
0.130078 0.063735
0.123068 0.061930
0.116226 0.060123
0.109554 0.058316
0.103056 0.056511
0.096734 0.054709
0.090592 0.052912
0.084632 0.051119
0.078856 0.049331
0.073267 0.047548
0.067868 0.045770
0.062662 0.043996
0.057649 0.042225
0.052834 0.040455
0.048217 0.038687
0.043801 0.036917
0.039588 0.035146
0.035579 0.033372
0.031777 0.031592
0.028183 0.029806
0.024799 0.028013
0.021626 0.026212
0.018665 0.024401
0.015919 0.022580
0.013388 0.020749
0.011073 0.018907
0.008975 0.017054
0.007096 0.015190
0.005436 0.013317
0.003996 0.011434
0.002776 0.009542
0.001777 0.007643
0.001000 0.005738
0.000444 0.003828
0.000111 0.001915
0.000000 0.000000
0.000111 -0.001459
0.000444 -0.002914
0.001000 -0.004362
0.001777 -0.005799
0.002776 -0.007222
0.003996 -0.008626
0.005436 -0.010010
0.007096 -0.011368
0.008975 -0.012699
0.011073 -0.013999
0.013388 -0.015266
0.015919 -0.016496
0.018665 -0.017689
0.021626 -0.018840
0.024799 -0.019950
0.028183 -0.021015
0.031777 -0.022034
0.035579 -0.023006
0.039588 -0.023931
0.043801 -0.024807
0.048217 -0.025633
0.052834 -0.026410
0.057649 -0.027138
0.062662 -0.027816
0.067868 -0.028445
0.073267 -0.029026
0.078856 -0.029560
0.084632 -0.030047
0.090592 -0.030489
0.096734 -0.030887
0.103056 -0.031242
0.109554 -0.031556
0.116226 -0.031831
0.123068 -0.032069
0.130078 -0.032271
0.137252 -0.032440
0.144588 -0.032577
0.152081 -0.032684
0.159730 -0.032763
0.167529 -0.032817
0.175476 -0.032846
0.183568 -0.032854
0.191800 -0.032842
0.200169 -0.032811
0.208672 -0.032763
0.217304 -0.032701
0.226062 -0.032624
0.234941 -0.032536
0.243938 -0.032436
0.253049 -0.032327
0.262270 -0.032209
0.271597 -0.032082
0.281025 -0.031949
0.290550 -0.031809
0.300169 -0.031663
0.309876 -0.031511
0.319668 -0.031354
0.329540 -0.031192
0.339488 -0.031024
0.349507 -0.030852
0.359594 -0.030674
0.369742 -0.030491
0.379949 -0.030303
0.390208 -0.030108
0.400517 -0.029908
0.410870 -0.029701
0.421262 -0.029487
0.431690 -0.029265
0.442147 -0.029035
0.452631 -0.028798
0.463136 -0.028551
0.473657 -0.028296
0.484189 -0.028031
0.494729 -0.027756
0.505271 -0.027471
0.515811 -0.027175
0.526343 -0.026868
0.536864 -0.026551
0.547369 -0.026222
0.557853 -0.025883
0.568310 -0.025531
0.578738 -0.025169
0.589130 -0.024796
0.599483 -0.024411
0.609792 -0.024015
0.620051 -0.023609
0.630258 -0.023192
0.640406 -0.022765
0.650493 -0.022328
0.660512 -0.021882
0.670460 -0.021426
0.680332 -0.020963
0.690124 -0.020491
0.699831 -0.020011
0.709450 -0.019525
0.718975 -0.019032
0.728403 -0.018534
0.737730 -0.018030
0.746951 -0.017522
0.756062 -0.017010
0.765059 -0.016494
0.773938 -0.015977
0.782696 -0.015457
0.791328 -0.014936
0.799831 -0.014415
0.808200 -0.013894
0.816432 -0.013373
0.824524 -0.012855
0.832471 -0.012338
0.840270 -0.011825
0.847919 -0.011315
0.855412 -0.010809
0.862748 -0.010308
0.869922 -0.009813
0.876932 -0.009324
0.883774 -0.008842
0.890446 -0.008367
0.896944 -0.007901
0.903266 -0.007443
0.909408 -0.006995
0.915368 -0.006556
0.921144 -0.006128
0.926733 -0.005711
0.932132 -0.005305
0.937338 -0.004911
0.942351 -0.004530
0.947166 -0.004161
0.951783 -0.003806
0.956199 -0.003465
0.960412 -0.003138
0.964421 -0.002825
0.968223 -0.002528
0.971817 -0.002245
0.975201 -0.001979
0.978374 -0.001728
0.981335 -0.001493
0.984081 -0.001275
0.986612 -0.001073
0.988927 -0.000889
0.991025 -0.000721
0.992904 -0.000570
0.994564 -0.000437
0.996004 -0.000322
0.997224 -0.000223
0.998223 -0.000143
0.999000 -0.000081
0.999556 -0.000036
0.999889 -0.000009
1.000000 0.000000
