NACA 2412 optimized
1.000000 0.000000
0.999889 0.000027
0.999556 0.000106
0.999000 0.000239
0.998223 0.000425
0.997224 0.000663
0.996004 0.000953
0.994564 0.001294
0.992904 0.001687
0.991025 0.002131
0.988927 0.002625
0.986612 0.003168
0.984081 0.003760
0.981335 0.004400
0.978374 0.005087
0.975201 0.005821
0.971817 0.006602
0.968223 0.007428
0.964421 0.008299
0.960412 0.009215
0.956199 0.010174
0.951783 0.011177
0.947166 0.012223
0.942351 0.013312
0.937338 0.014443
0.932132 0.015616
0.926733 0.016831
0.921144 0.018086
0.915368 0.019382
0.909408 0.020719
0.903266 0.022095
0.896944 0.023511
0.890446 0.024966
0.883774 0.026458
0.876932 0.027988
0.869922 0.029554
0.862748 0.031156
0.855412 0.032792
0.847919 0.034461
0.840270 0.036162
0.832471 0.037893
0.824524 0.039652
0.816432 0.041438
0.808200 0.043249
0.799831 0.045083
0.791328 0.046936
0.782696 0.048808
0.773938 0.050694
0.765059 0.052594
0.756062 0.054503
0.746951 0.056420
0.737730 0.058341
0.728403 0.060263
0.718975 0.062184
0.709450 0.064099
0.699831 0.066007
0.690124 0.067904
0.680332 0.069786
0.670460 0.071651
0.660512 0.073495
0.650493 0.075316
0.640406 0.077110
0.630258 0.078874
0.620051 0.080605
0.609792 0.082300
0.599483 0.083955
0.589130 0.085569
0.578738 0.087137
0.568310 0.088657
0.557853 0.090125
0.547369 0.091539
0.536864 0.092896
0.526343 0.094193
0.515811 0.095426
0.505271 0.096594
0.494729 0.097692
0.484189 0.098718
0.473657 0.099670
0.463136 0.100544
0.452631 0.101338
0.442147 0.102048
0.431690 0.102674
0.421262 0.103211
0.410870 0.103658
0.400517 0.104013
0.390208 0.104273
0.379949 0.104437
0.369742 0.104503
0.359594 0.104469
0.349507 0.104336
0.339488 0.104102
0.329540 0.103766
0.319668 0.103328
0.309876 0.102789
0.300169 0.102148
0.290550 0.101408
0.281025 0.100569
0.271597 0.099633
0.262270 0.098601
0.253049 0.097476
0.243938 0.096261
0.234941 0.094959
0.226062 0.093573
0.217304 0.092107
0.208672 0.090565
0.200169 0.088950
0.191800 0.087267
0.183568 0.085521
0.175476 0.083716
0.167529 0.081857
0.159730 0.079948
0.152081 0.077995
0.144588 0.076003
0.137252 0.073975
0.130078 0.071917
0.123068 0.069833
0.116226 0.067727
0.109554 0.065604
0.103056 0.063468
0.096734 0.061321
0.090592 0.059169
0.084632 0.057012
0.078856 0.054856
0.073267 0.052702
0.067868 0.050551
0.062662 0.048408
0.057649 0.046272
0.052834 0.044146
0.048217 0.042030
0.043801 0.039925
0.039588 0.037833
0.035579 0.035752
0.031777 0.033685
0.028183 0.031629
0.024799 0.029587
0.021626 0.027556
0.018665 0.025536
0.015919 0.023528
0.013388 0.021530
0.011073 0.019541
0.008975 0.017562
0.007096 0.015590
0.005436 0.013626
0.003996 0.011667
0.002776 0.009715
0.001777 0.007766
0.001000 0.005822
0.000444 0.003880
0.000111 0.001939
0.000000 0.000000
0.000111 -0.000752
0.000444 -0.001502
0.001000 -0.002250
0.001777 -0.002995
0.002776 -0.003736
0.003996 -0.004470
0.005436 -0.005198
0.007096 -0.005918
0.008975 -0.006629
0.011073 -0.007330
0.013388 -0.008019
0.015919 -0.008695
0.018665 -0.009358
0.021626 -0.010006
0.024799 -0.010638
0.028183 -0.011253
0.031777 -0.011849
0.035579 -0.012427
0.039588 -0.012984
0.043801 -0.013520
0.048217 -0.014034
0.052834 -0.014525
0.057649 -0.014993
0.062662 -0.015437
0.067868 -0.015856
0.073267 -0.016249
0.078856 -0.016618
0.084632 -0.016961
0.090592 -0.017278
0.096734 -0.017570
0.103056 -0.017836
0.109554 -0.018078
0.116226 -0.018294
0.123068 -0.018486
0.130078 -0.018654
0.137252 -0.018799
0.144588 -0.018923
0.152081 -0.019024
0.159730 -0.019106
0.167529 -0.019168
0.175476 -0.019212
0.183568 -0.019239
0.191800 -0.019250
0.200169 -0.019246
0.208672 -0.019228
0.217304 -0.019198
0.226062 -0.019157
0.234941 -0.019105
0.243938 -0.019045
0.253049 -0.018976
0.262270 -0.018900
0.271597 -0.018818
0.281025 -0.018731
0.290550 -0.018639
0.300169 -0.018543
0.309876 -0.018444
0.319668 -0.018342
0.329540 -0.018238
0.339488 -0.018132
0.349507 -0.018024
0.359594 -0.017915
0.369742 -0.017804
0.379949 -0.017692
0.390208 -0.017579
0.400517 -0.017464
0.410870 -0.017348
0.421262 -0.017231
0.431690 -0.017112
0.442147 -0.016991
0.452631 -0.016868
0.463136 -0.016742
0.473657 -0.016615
0.484189 -0.016484
0.494729 -0.016350
0.505271 -0.016213
0.515811 -0.016073
0.526343 -0.015929
0.536864 -0.015781
0.547369 -0.015628
0.557853 -0.015472
0.568310 -0.015311
0.578738 -0.015146
0.589130 -0.014975
0.599483 -0.014800
0.609792 -0.014620
0.620051 -0.014435
0.630258 -0.014245
0.640406 -0.014049
0.650493 -0.013848
0.660512 -0.013642
0.670460 -0.013430
0.680332 -0.013213
0.690124 -0.012990
0.699831 -0.012762
0.709450 -0.012528
0.718975 -0.012288
0.728403 -0.012043
0.737730 -0.011792
0.746951 -0.011536
0.756062 -0.011274
0.765059 -0.011006
0.773938 -0.010734
0.782696 -0.010456
0.791328 -0.010173
0.799831 -0.009885
0.808200 -0.009593
0.816432 -0.009296
0.824524 -0.008995
0.832471 -0.008691
0.840270 -0.008383
0.847919 -0.008073
0.855412 -0.007760
0.862748 -0.007445
0.869922 -0.007129
0.876932 -0.006812
0.883774 -0.006495
0.890446 -0.006179
0.896944 -0.005864
0.903266 -0.005550
0.909408 -0.005240
0.915368 -0.004932
0.921144 -0.004629
0.926733 -0.004330
0.932132 -0.004036
0.937338 -0.003749
0.942351 -0.003468
0.947166 -0.003195
0.951783 -0.002930
0.956199 -0.002673
0.960412 -0.002426
0.964421 -0.002188
0.968223 -0.001961
0.971817 -0.001745
0.975201 -0.001540
0.978374 -0.001346
0.981335 -0.001164
0.984081 -0.000995
0.986612 -0.000838
0.988927 -0.000694
0.991025 -0.000564
0.992904 -0.000446
0.994564 -0.000342
0.996004 -0.000252
0.997224 -0.000175
0.998223 -0.000112
0.999000 -0.000063
0.999556 -0.000028
0.999889 -0.000007
1.000000 0.000000
