NACA 2412 optimized
1.000000 0.000000
0.999889 0.000027
0.999556 0.000108
0.999000 0.000242
0.998223 0.000429
0.997224 0.000670
0.996004 0.000964
0.994564 0.001309
0.992904 0.001707
0.991025 0.002155
0.988927 0.002655
0.986612 0.003204
0.984081 0.003802
0.981335 0.004449
0.978374 0.005144
0.975201 0.005887
0.971817 0.006675
0.968223 0.007510
0.964421 0.008389
0.960412 0.009313
0.956199 0.010281
0.951783 0.011293
0.947166 0.012347
0.942351 0.013443
0.937338 0.014580
0.932132 0.015759
0.926733 0.016978
0.921144 0.018236
0.915368 0.019534
0.909408 0.020869
0.903266 0.022243
0.896944 0.023653
0.890446 0.025099
0.883774 0.026579
0.876932 0.028093
0.869922 0.029640
0.862748 0.031217
0.855412 0.032824
0.847919 0.034459
0.840270 0.036121
0.832471 0.037806
0.824524 0.039514
0.816432 0.041243
0.808200 0.042989
0.799831 0.044751
0.791328 0.046527
0.782696 0.048314
0.773938 0.050109
0.765059 0.051910
0.756062 0.053714
0.746951 0.055519
0.737730 0.057322
0.728403 0.059121
0.718975 0.060912
0.709450 0.062694
0.699831 0.064463
0.690124 0.066218
0.680332 0.067955
0.670460 0.069673
0.660512 0.071370
0.650493 0.073042
0.640406 0.074688
0.630258 0.076306
0.620051 0.077894
0.609792 0.079450
0.599483 0.080971
0.589130 0.082456
0.578738 0.083902
0.568310 0.085308
0.557853 0.086671
0.547369 0.087990
0.536864 0.089262
0.526343 0.090485
0.515811 0.091656
0.505271 0.092774
0.494729 0.093835
0.484189 0.094837
0.473657 0.095777
0.463136 0.096653
0.452631 0.097461
0.442147 0.098199
0.431690 0.098864
0.421262 0.099452
0.410870 0.099960
0.400517 0.100386
0.390208 0.100727
0.379949 0.100979
0.369742 0.101140
0.359594 0.101207
0.349507 0.101179
0.339488 0.101052
0.329540 0.100825
0.319668 0.100497
0.309876 0.100065
0.300169 0.099530
0.290550 0.098891
0.281025 0.098147
0.271597 0.097299
0.262270 0.096348
0.253049 0.095295
0.243938 0.094141
0.234941 0.092890
0.226062 0.091543
0.217304 0.090104
0.208672 0.088576
0.200169 0.086964
0.191800 0.085271
0.183568 0.083502
0.175476 0.081662
0.167529 0.079757
0.159730 0.077791
0.152081 0.075771
0.144588 0.073702
0.137252 0.071591
0.130078 0.069442
0.123068 0.067262
0.116226 0.065057
0.109554 0.062833
0.103056 0.060594
0.096734 0.058347
0.090592 0.056096
0.084632 0.053847
0.078856 0.051604
0.073267 0.049371
0.067868 0.047152
0.062662 0.044950
0.057649 0.042769
0.052834 0.040612
0.048217 0.038480
0.043801 0.036376
0.039588 0.034302
0.035579 0.032258
0.031777 0.030244
0.028183 0.028263
0.024799 0.026313
0.021626 0.024394
0.018665 0.022506
0.015919 0.020647
0.013388 0.018817
0.011073 0.017014
0.008975 0.015236
0.007096 0.013482
0.005436 0.011748
0.003996 0.010034
0.002776 0.008336
0.001777 0.006652
0.001000 0.004979
0.000444 0.003314
0.000111 0.001656
0.000000 0.000000
0.000111 -0.001189
0.000444 -0.002375
0.001000 -0.003556
0.001777 -0.004728
0.002776 -0.005890
0.003996 -0.007037
0.005436 -0.008169
0.007096 -0.009282
0.008975 -0.010373
0.011073 -0.011442
0.013388 -0.012485
0.015919 -0.013502
0.018665 -0.014489
0.021626 -0.015445
0.024799 -0.016370
0.028183 -0.017261
0.031777 -0.018118
0.035579 -0.018939
0.039588 -0.019725
0.043801 -0.020474
0.048217 -0.021186
0.052834 -0.021861
0.057649 -0.022500
0.062662 -0.023101
0.067868 -0.023665
0.073267 -0.024194
0.078856 -0.024687
0.084632 -0.025145
0.090592 -0.025570
0.096734 -0.025961
0.103056 -0.026320
0.109554 -0.026648
0.116226 -0.026947
0.123068 -0.027217
0.130078 -0.027460
0.137252 -0.027677
0.144588 -0.027870
0.152081 -0.028039
0.159730 -0.028185
0.167529 -0.028312
0.175476 -0.028418
0.183568 -0.028506
0.191800 -0.028577
0.200169 -0.028631
0.208672 -0.028670
0.217304 -0.028695
0.226062 -0.028707
0.234941 -0.028705
0.243938 -0.028692
0.253049 -0.028668
0.262270 -0.028633
0.271597 -0.028588
0.281025 -0.028533
0.290550 -0.028468
0.300169 -0.028394
0.309876 -0.028312
0.319668 -0.028221
0.329540 -0.028120
0.339488 -0.028012
0.349507 -0.027895
0.359594 -0.027769
0.369742 -0.027635
0.379949 -0.027492
0.390208 -0.027341
0.400517 -0.027181
0.410870 -0.027012
0.421262 -0.026835
0.431690 -0.026648
0.442147 -0.026453
0.452631 -0.026248
0.463136 -0.026035
0.473657 -0.025812
0.484189 -0.025581
0.494729 -0.025340
0.505271 -0.025091
0.515811 -0.024832
0.526343 -0.024565
0.536864 -0.024288
0.547369 -0.024003
0.557853 -0.023710
0.568310 -0.023408
0.578738 -0.023097
0.589130 -0.022779
0.599483 -0.022452
0.609792 -0.022117
0.620051 -0.021775
0.630258 -0.021425
0.640406 -0.021068
0.650493 -0.020703
0.660512 -0.020331
0.670460 -0.019953
0.680332 -0.019567
0.690124 -0.019175
0.699831 -0.018777
0.709450 -0.018373
0.718975 -0.017962
0.728403 -0.017546
0.737730 -0.017125
0.746951 -0.016698
0.756062 -0.016266
0.765059 -0.015829
0.773938 -0.015388
0.782696 -0.014943
0.791328 -0.014494
0.799831 -0.014042
0.808200 -0.013587
0.816432 -0.013129
0.824524 -0.012670
0.832471 -0.012208
0.840270 -0.011746
0.847919 -0.011283
0.855412 -0.010821
0.862748 -0.010359
0.869922 -0.009899
0.876932 -0.009441
0.883774 -0.008985
0.890446 -0.008533
0.896944 -0.008086
0.903266 -0.007643
0.909408 -0.007206
0.915368 -0.006776
0.921144 -0.006353
0.926733 -0.005938
0.932132 -0.005532
0.937338 -0.005135
0.942351 -0.004749
0.947166 -0.004373
0.951783 -0.004009
0.956199 -0.003658
0.960412 -0.003320
0.964421 -0.002995
0.968223 -0.002685
0.971817 -0.002389
0.975201 -0.002109
0.978374 -0.001844
0.981335 -0.001596
0.984081 -0.001364
0.986612 -0.001150
0.988927 -0.000953
0.991025 -0.000774
0.992904 -0.000613
0.994564 -0.000470
0.996004 -0.000346
0.997224 -0.000241
0.998223 -0.000154
0.999000 -0.000087
0.999556 -0.000039
0.999889 -0.000010
1.000000 0.000000
