NACA 2412 optimized
1.000000 0.000000
0.999889 0.000027
0.999556 0.000110
0.999000 0.000247
0.998223 0.000438
0.997224 0.000684
0.996004 0.000983
0.994564 0.001335
0.992904 0.001740
0.991025 0.002197
0.988927 0.002704
0.986612 0.003262
0.984081 0.003869
0.981335 0.004525
0.978374 0.005228
0.975201 0.005979
0.971817 0.006775
0.968223 0.007617
0.964421 0.008504
0.960412 0.009434
0.956199 0.010407
0.951783 0.011423
0.947166 0.012481
0.942351 0.013581
0.937338 0.014721
0.932132 0.015901
0.926733 0.017121
0.921144 0.018381
0.915368 0.019679
0.909408 0.021016
0.903266 0.022391
0.896944 0.023803
0.890446 0.025251
0.883774 0.026736
0.876932 0.028256
0.869922 0.029809
0.862748 0.031396
0.855412 0.033016
0.847919 0.034666
0.840270 0.036345
0.832471 0.038052
0.824524 0.039785
0.816432 0.041542
0.808200 0.043321
0.799831 0.045120
0.791328 0.046937
0.782696 0.048768
0.773938 0.050612
0.765059 0.052465
0.756062 0.054325
0.746951 0.056188
0.737730 0.058052
0.728403 0.059912
0.718975 0.061767
0.709450 0.063611
0.699831 0.065443
0.690124 0.067258
0.680332 0.069054
0.670460 0.070825
0.660512 0.072570
0.650493 0.074284
0.640406 0.075964
0.630258 0.077607
0.620051 0.079209
0.609792 0.080766
0.599483 0.082276
0.589130 0.083735
0.578738 0.085139
0.568310 0.086487
0.557853 0.087774
0.547369 0.088997
0.536864 0.090154
0.526343 0.091242
0.515811 0.092258
0.505271 0.093199
0.494729 0.094063
0.484189 0.094847
0.473657 0.095549
0.463136 0.096168
0.452631 0.096700
0.442147 0.097145
0.431690 0.097500
0.421262 0.097764
0.410870 0.097937
0.400517 0.098016
0.390208 0.098002
0.379949 0.097894
0.369742 0.097692
0.359594 0.097396
0.349507 0.097006
0.339488 0.096524
0.329540 0.095951
0.319668 0.095288
0.309876 0.094536
0.300169 0.093699
0.290550 0.092778
0.281025 0.091776
0.271597 0.090696
0.262270 0.089542
0.253049 0.088317
0.243938 0.087024
0.234941 0.085669
0.226062 0.084254
0.217304 0.082785
0.208672 0.081265
0.200169 0.079698
0.191800 0.078090
0.183568 0.076445
0.175476 0.074767
0.167529 0.073059
0.159730 0.071327
0.152081 0.069574
0.144588 0.067803
0.137252 0.066019
0.130078 0.064223
0.123068 0.062419
0.116226 0.060610
0.109554 0.058797
0.103056 0.056982
0.096734 0.055167
0.090592 0.053353
0.084632 0.051541
0.078856 0.049732
0.073267 0.047925
0.067868 0.046121
0.062662 0.044318
0.057649 0.042518
0.052834 0.040719
0.048217 0.038921
0.043801 0.037122
0.039588 0.035321
0.035579 0.033518
0.031777 0.031711
0.028183 0.029900
0.024799 0.028084
0.021626 0.026261
0.018665 0.024431
0.015919 0.022594
0.013388 0.020749
0.011073 0.018896
0.008975 0.017035
0.007096 0.015166
0.005436 0.013289
0.003996 0.011405
0.002776 0.009515
0.001777 0.007619
0.001000 0.005719
0.000444 0.003815
0.000111 0.001908
0.000000 0.000000
0.000111 -0.000782
0.000444 -0.001563
0.001000 -0.002340
0.001777 -0.003113
0.002776 -0.003879
0.003996 -0.004636
0.005436 -0.005385
0.007096 -0.006123
0.008975 -0.006849
0.011073 -0.007562
0.013388 -0.008261
0.015919 -0.008945
0.018665 -0.009614
0.021626 -0.010268
0.024799 -0.010905
0.028183 -0.011526
0.031777 -0.012131
0.035579 -0.012720
0.039588 -0.013293
0.043801 -0.013851
0.048217 -0.014394
0.052834 -0.014922
0.057649 -0.015438
0.062662 -0.015941
0.067868 -0.016432
0.073267 -0.016913
0.078856 -0.017384
0.084632 -0.017847
0.090592 -0.018302
0.096734 -0.018750
0.103056 -0.019192
0.109554 -0.019630
0.116226 -0.020063
0.123068 -0.020492
0.130078 -0.020919
0.137252 -0.021343
0.144588 -0.021764
0.152081 -0.022183
0.159730 -0.022600
0.167529 -0.023014
0.175476 -0.023425
0.183568 -0.023833
0.191800 -0.024236
0.200169 -0.024635
0.208672 -0.025027
0.217304 -0.025412
0.226062 -0.025789
0.234941 -0.026156
0.243938 -0.026511
0.253049 -0.026854
0.262270 -0.027183
0.271597 -0.027496
0.281025 -0.027791
0.290550 -0.028067
0.300169 -0.028322
0.309876 -0.028555
0.319668 -0.028764
0.329540 -0.028949
0.339488 -0.029107
0.349507 -0.029238
0.359594 -0.029341
0.369742 -0.029416
0.379949 -0.029461
0.390208 -0.029476
0.400517 -0.029461
0.410870 -0.029416
0.421262 -0.029342
0.431690 -0.029238
0.442147 -0.029105
0.452631 -0.028944
0.463136 -0.028755
0.473657 -0.028541
0.484189 -0.028302
0.494729 -0.028039
0.505271 -0.027753
0.515811 -0.027447
0.526343 -0.027121
0.536864 -0.026778
0.547369 -0.026419
0.557853 -0.026045
0.568310 -0.025659
0.578738 -0.025261
0.589130 -0.024853
0.599483 -0.024436
0.609792 -0.024013
0.620051 -0.023583
0.630258 -0.023148
0.640406 -0.022710
0.650493 -0.022269
0.660512 -0.021825
0.670460 -0.021380
0.680332 -0.020933
0.690124 -0.020485
0.699831 -0.020037
0.709450 -0.019588
0.718975 -0.019139
0.728403 -0.018689
0.737730 -0.018239
0.746951 -0.017788
0.756062 -0.017335
0.765059 -0.016882
0.773938 -0.016426
0.782696 -0.015969
0.791328 -0.015510
0.799831 -0.015049
0.808200 -0.014585
0.816432 -0.014119
0.824524 -0.013650
0.832471 -0.013178
0.840270 -0.012705
0.847919 -0.012229
0.855412 -0.011751
0.862748 -0.011273
0.869922 -0.010793
0.876932 -0.010313
0.883774 -0.009833
0.890446 -0.009354
0.896944 -0.008878
0.903266 -0.008404
0.909408 -0.007934
0.915368 -0.007469
0.921144 -0.007010
0.926733 -0.006558
0.932132 -0.006114
0.937338 -0.005678
0.942351 -0.005253
0.947166 -0.004839
0.951783 -0.004437
0.956199 -0.004048
0.960412 -0.003673
0.964421 -0.003313
0.968223 -0.002968
0.971817 -0.002640
0.975201 -0.002329
0.978374 -0.002035
0.981335 -0.001760
0.984081 -0.001504
0.986612 -0.001267
0.988927 -0.001049
0.991025 -0.000851
0.992904 -0.000673
0.994564 -0.000516
0.996004 -0.000380
0.997224 -0.000264
0.998223 -0.000169
0.999000 -0.000095
0.999556 -0.000042
0.999889 -0.000011
1.000000 0.000000
