NACA 23012 optimized
1.000000 0.000000
0.999889 0.000023
0.999556 0.000091
0.999000 0.000205
0.998223 0.000364
0.997224 0.000569
0.996004 0.000817
0.994564 0.001110
0.992904 0.001447
0.991025 0.001826
0.988927 0.002248
0.986612 0.002711
0.984081 0.003215
0.981335 0.003759
0.978374 0.004342
0.975201 0.004963
0.971817 0.005622
0.968223 0.006317
0.964421 0.007046
0.960412 0.007811
0.956199 0.008608
0.951783 0.009438
0.947166 0.010299
0.942351 0.011191
0.937338 0.012112
0.932132 0.013061
0.926733 0.014039
0.921144 0.015043
0.915368 0.016074
0.909408 0.017130
0.903266 0.018211
0.896944 0.019316
0.890446 0.020446
0.883774 0.021598
0.876932 0.022773
0.869922 0.023971
0.862748 0.025191
0.855412 0.026434
0.847919 0.027697
0.840270 0.028983
0.832471 0.030289
0.824524 0.031617
0.816432 0.032965
0.808200 0.034335
0.799831 0.035725
0.791328 0.037135
0.782696 0.038566
0.773938 0.040016
0.765059 0.041486
0.756062 0.042974
0.746951 0.044482
0.737730 0.046006
0.728403 0.047548
0.718975 0.049106
0.709450 0.050678
0.699831 0.052265
0.690124 0.053863
0.680332 0.055473
0.670460 0.057092
0.660512 0.058717
0.650493 0.060348
0.640406 0.061982
0.630258 0.063616
0.620051 0.065248
0.609792 0.066874
0.599483 0.068492
0.589130 0.070098
0.578738 0.071690
0.568310 0.073262
0.557853 0.074813
0.547369 0.076337
0.536864 0.077832
0.526343 0.079292
0.515811 0.080713
0.505271 0.082093
0.494729 0.083425
0.484189 0.084706
0.473657 0.085931
0.463136 0.087097
0.452631 0.088199
0.442147 0.089232
0.431690 0.090194
0.421262 0.091080
0.410870 0.091885
0.400517 0.092608
0.390208 0.093243
0.379949 0.093789
0.369742 0.094242
0.359594 0.094600
0.349507 0.094860
0.339488 0.095021
0.329540 0.095080
0.319668 0.095036
0.309876 0.094889
0.300169 0.094637
0.290550 0.094280
0.281025 0.093819
0.271597 0.093254
0.262270 0.092586
0.253049 0.091816
0.243938 0.090945
0.234941 0.089976
0.226062 0.088911
0.217304 0.087752
0.208672 0.086502
0.200169 0.085166
0.191800 0.083745
0.183568 0.082244
0.175476 0.080668
0.167529 0.079020
0.159730 0.077304
0.152081 0.075526
0.144588 0.073690
0.137252 0.071801
0.130078 0.069864
0.123068 0.067884
0.116226 0.065865
0.109554 0.063813
0.103056 0.061733
0.096734 0.059629
0.090592 0.057506
0.084632 0.055369
0.078856 0.053221
0.073267 0.051068
0.067868 0.048914
0.062662 0.046761
0.057649 0.044613
0.052834 0.042474
0.048217 0.040346
0.043801 0.038232
0.039588 0.036135
0.035579 0.034055
0.031777 0.031996
0.028183 0.029957
0.024799 0.027941
0.021626 0.025946
0.018665 0.023975
0.015919 0.022026
0.013388 0.020100
0.011073 0.018195
0.008975 0.016310
0.007096 0.014445
0.005436 0.012598
0.003996 0.010767
0.002776 0.008950
0.001777 0.007145
0.001000 0.005350
0.000444 0.003562
0.000111 0.001780
0.000000 0.000000
0.000111 -0.000891
0.000444 -0.001779
0.001000 -0.002659
0.001777 -0.003529
0.002776 -0.004384
0.003996 -0.005223
0.005436 -0.006042
0.007096 -0.006838
0.008975 -0.007610
0.011073 -0.008355
0.013388 -0.009072
0.015919 -0.009760
0.018665 -0.010417
0.021626 -0.011044
0.024799 -0.011641
0.028183 -0.012207
0.031777 -0.012745
0.035579 -0.013254
0.039588 -0.013736
0.043801 -0.014193
0.048217 -0.014627
0.052834 -0.015039
0.057649 -0.015433
0.062662 -0.015809
0.067868 -0.016171
0.073267 -0.016520
0.078856 -0.016860
0.084632 -0.017191
0.090592 -0.017517
0.096734 -0.017839
0.103056 -0.018159
0.109554 -0.018478
0.116226 -0.018797
0.123068 -0.019118
0.130078 -0.019440
0.137252 -0.019765
0.144588 -0.020092
0.152081 -0.020421
0.159730 -0.020752
0.167529 -0.021083
0.175476 -0.021414
0.183568 -0.021744
0.191800 -0.022072
0.200169 -0.022394
0.208672 -0.022712
0.217304 -0.023021
0.226062 -0.023321
0.234941 -0.023610
0.243938 -0.023885
0.253049 -0.024146
0.262270 -0.024391
0.271597 -0.024617
0.281025 -0.024824
0.290550 -0.025011
0.300169 -0.025176
0.309876 -0.025318
0.319668 -0.025437
0.329540 -0.025532
0.339488 -0.025604
0.349507 -0.025650
0.359594 -0.025673
0.369742 -0.025672
0.379949 -0.025647
0.390208 -0.025599
0.400517 -0.025529
0.410870 -0.025437
0.421262 -0.025325
0.431690 -0.025194
0.442147 -0.025044
0.452631 -0.024877
0.463136 -0.024693
0.473657 -0.024494
0.484189 -0.024281
0.494729 -0.024055
0.505271 -0.023817
0.515811 -0.023567
0.526343 -0.023307
0.536864 -0.023037
0.547369 -0.022759
0.557853 -0.022471
0.568310 -0.022176
0.578738 -0.021873
0.589130 -0.021563
0.599483 -0.021247
0.609792 -0.020923
0.620051 -0.020593
0.630258 -0.020257
0.640406 -0.019915
0.650493 -0.019566
0.660512 -0.019212
0.670460 -0.018852
0.680332 -0.018485
0.690124 -0.018114
0.699831 -0.017736
0.709450 -0.017353
0.718975 -0.016966
0.728403 -0.016573
0.737730 -0.016175
0.746951 -0.015773
0.756062 -0.015367
0.765059 -0.014958
0.773938 -0.014545
0.782696 -0.014130
0.791328 -0.013712
0.799831 -0.013292
0.808200 -0.012871
0.816432 -0.012449
0.824524 -0.012027
0.832471 -0.011604
0.840270 -0.011182
0.847919 -0.010761
0.855412 -0.010341
0.862748 -0.009923
0.869922 -0.009507
0.876932 -0.009094
0.883774 -0.008684
0.890446 -0.008276
0.896944 -0.007873
0.903266 -0.007473
0.909408 -0.007078
0.915368 -0.006687
0.921144 -0.006302
0.926733 -0.005922
0.932132 -0.005548
0.937338 -0.005180
0.942351 -0.004819
0.947166 -0.004466
0.951783 -0.004120
0.956199 -0.003783
0.960412 -0.003455
0.964421 -0.003138
0.968223 -0.002830
0.971817 -0.002535
0.975201 -0.002251
0.978374 -0.001981
0.981335 -0.001724
0.984081 -0.001482
0.986612 -0.001256
0.988927 -0.001046
0.991025 -0.000853
0.992904 -0.000678
0.994564 -0.000522
0.996004 -0.000386
0.997224 -0.000269
0.998223 -0.000173
0.999000 -0.000097
0.999556 -0.000043
0.999889 -0.000011
1.000000 0.000000
