NACA 23012 optimized
1.000000 0.000000
0.999889 0.000020
0.999556 0.000080
0.999000 0.000179
0.998223 0.000319
0.997224 0.000498
0.996004 0.000716
0.994564 0.000974
0.992904 0.001271
0.991025 0.001607
0.988927 0.001981
0.986612 0.002393
0.984081 0.002843
0.981335 0.003331
0.978374 0.003855
0.975201 0.004416
0.971817 0.005014
0.968223 0.005647
0.964421 0.006315
0.960412 0.007019
0.956199 0.007756
0.951783 0.008527
0.947166 0.009332
0.942351 0.010169
0.937338 0.011038
0.932132 0.011939
0.926733 0.012871
0.921144 0.013834
0.915368 0.014826
0.909408 0.015849
0.903266 0.016900
0.896944 0.017981
0.890446 0.019089
0.883774 0.020225
0.876932 0.021389
0.869922 0.022579
0.862748 0.023796
0.855412 0.025039
0.847919 0.026308
0.840270 0.027602
0.832471 0.028921
0.824524 0.030264
0.816432 0.031631
0.808200 0.033022
0.799831 0.034436
0.791328 0.035872
0.782696 0.037330
0.773938 0.038810
0.765059 0.040310
0.756062 0.041830
0.746951 0.043369
0.737730 0.044926
0.728403 0.046500
0.718975 0.048090
0.709450 0.049694
0.699831 0.051311
0.690124 0.052940
0.680332 0.054579
0.670460 0.056225
0.660512 0.057878
0.650493 0.059534
0.640406 0.061192
0.630258 0.062849
0.620051 0.064502
0.609792 0.066148
0.599483 0.067785
0.589130 0.069409
0.578738 0.071017
0.568310 0.072606
0.557853 0.074172
0.547369 0.075710
0.536864 0.077219
0.526343 0.078692
0.515811 0.080128
0.505271 0.081521
0.494729 0.082867
0.484189 0.084163
0.473657 0.085404
0.463136 0.086586
0.452631 0.087705
0.442147 0.088758
0.431690 0.089740
0.421262 0.090648
0.410870 0.091478
0.400517 0.092226
0.390208 0.092891
0.379949 0.093467
0.369742 0.093954
0.359594 0.094348
0.349507 0.094646
0.339488 0.094848
0.329540 0.094951
0.319668 0.094955
0.309876 0.094857
0.300169 0.094658
0.290550 0.094357
0.281025 0.093954
0.271597 0.093450
0.262270 0.092845
0.253049 0.092141
0.243938 0.091338
0.234941 0.090439
0.226062 0.089446
0.217304 0.088360
0.208672 0.087186
0.200169 0.085925
0.191800 0.084581
0.183568 0.083158
0.175476 0.081658
0.167529 0.080087
0.159730 0.078448
0.152081 0.076745
0.144588 0.074983
0.137252 0.073165
0.130078 0.071297
0.123068 0.069383
0.116226 0.067428
0.109554 0.065435
0.103056 0.063410
0.096734 0.061356
0.090592 0.059278
0.084632 0.057180
0.078856 0.055067
0.073267 0.052940
0.067868 0.050805
0.062662 0.048665
0.057649 0.046523
0.052834 0.044381
0.048217 0.042243
0.043801 0.040111
0.039588 0.037987
0.035579 0.035872
0.031777 0.033769
0.028183 0.031678
0.024799 0.029601
0.021626 0.027539
0.018665 0.025491
0.015919 0.023459
0.013388 0.021441
0.011073 0.019438
0.008975 0.017449
0.007096 0.015473
0.005436 0.013510
0.003996 0.011558
0.002776 0.009615
0.001777 0.007682
0.001000 0.005755
0.000444 0.003834
0.000111 0.001916
0.000000 0.000000
0.000111 -0.000957
0.000444 -0.001911
0.001000 -0.002858
0.001777 -0.003794
0.002776 -0.004716
0.003996 -0.005622
0.005436 -0.006508
0.007096 -0.007371
0.008975 -0.008210
0.011073 -0.009022
0.013388 -0.009806
0.015919 -0.010560
0.018665 -0.011284
0.021626 -0.011978
0.024799 -0.012640
0.028183 -0.013272
0.031777 -0.013874
0.035579 -0.014446
0.039588 -0.014990
0.043801 -0.015507
0.048217 -0.015999
0.052834 -0.016467
0.057649 -0.016914
0.062662 -0.017340
0.067868 -0.017749
0.073267 -0.018143
0.078856 -0.018522
0.084632 -0.018889
0.090592 -0.019245
0.096734 -0.019593
0.103056 -0.019933
0.109554 -0.020267
0.116226 -0.020595
0.123068 -0.020918
0.130078 -0.021237
0.137252 -0.021551
0.144588 -0.021861
0.152081 -0.022166
0.159730 -0.022466
0.167529 -0.022760
0.175476 -0.023047
0.183568 -0.023326
0.191800 -0.023596
0.200169 -0.023855
0.208672 -0.024102
0.217304 -0.024336
0.226062 -0.024556
0.234941 -0.024760
0.243938 -0.024947
0.253049 -0.025115
0.262270 -0.025265
0.271597 -0.025394
0.281025 -0.025503
0.290550 -0.025590
0.300169 -0.025657
0.309876 -0.025701
0.319668 -0.025724
0.329540 -0.025726
0.339488 -0.025708
0.349507 -0.025670
0.359594 -0.025612
0.369742 -0.025537
0.379949 -0.025444
0.390208 -0.025336
0.400517 -0.025214
0.410870 -0.025078
0.421262 -0.024931
0.431690 -0.024773
0.442147 -0.024607
0.452631 -0.024433
0.463136 -0.024252
0.473657 -0.024067
0.484189 -0.023876
0.494729 -0.023683
0.505271 -0.023486
0.515811 -0.023287
0.526343 -0.023086
0.536864 -0.022884
0.547369 -0.022680
0.557853 -0.022474
0.568310 -0.022267
0.578738 -0.022057
0.589130 -0.021844
0.599483 -0.021628
0.609792 -0.021408
0.620051 -0.021182
0.630258 -0.020952
0.640406 -0.020714
0.650493 -0.020470
0.660512 -0.020217
0.670460 -0.019955
0.680332 -0.019683
0.690124 -0.019401
0.699831 -0.019108
0.709450 -0.018803
0.718975 -0.018486
0.728403 -0.018157
0.737730 -0.017816
0.746951 -0.017462
0.756062 -0.017095
0.765059 -0.016717
0.773938 -0.016326
0.782696 -0.015924
0.791328 -0.015512
0.799831 -0.015088
0.808200 -0.014655
0.816432 -0.014213
0.824524 -0.013764
0.832471 -0.013307
0.840270 -0.012844
0.847919 -0.012376
0.855412 -0.011904
0.862748 -0.011428
0.869922 -0.010951
0.876932 -0.010473
0.883774 -0.009995
0.890446 -0.009518
0.896944 -0.009043
0.903266 -0.008571
0.909408 -0.008103
0.915368 -0.007640
0.921144 -0.007183
0.926733 -0.006733
0.932132 -0.006291
0.937338 -0.005857
0.942351 -0.005433
0.947166 -0.005018
0.951783 -0.004615
0.956199 -0.004224
0.960412 -0.003845
0.964421 -0.003480
0.968223 -0.003129
0.971817 -0.002793
0.975201 -0.002473
0.978374 -0.002169
0.981335 -0.001882
0.984081 -0.001614
0.986612 -0.001364
0.988927 -0.001133
0.991025 -0.000922
0.992904 -0.000732
0.994564 -0.000562
0.996004 -0.000415
0.997224 -0.000289
0.998223 -0.000185
0.999000 -0.000104
0.999556 -0.000046
0.999889 -0.000012
1.000000 0.000000
