NACA 2412 optimized
1.000000 0.000000
0.999889 0.000022
0.999556 0.000087
0.999000 0.000196
0.998223 0.000349
0.997224 0.000544
0.996004 0.000782
0.994564 0.001063
0.992904 0.001387
0.991025 0.001752
0.988927 0.002158
0.986612 0.002606
0.984081 0.003094
0.981335 0.003621
0.978374 0.004188
0.975201 0.004794
0.971817 0.005437
0.968223 0.006118
0.964421 0.006836
0.960412 0.007589
0.956199 0.008379
0.951783 0.009203
0.947166 0.010061
0.942351 0.010952
0.937338 0.011877
0.932132 0.012834
0.926733 0.013822
0.921144 0.014842
0.915368 0.015892
0.909408 0.016973
0.903266 0.018083
0.896944 0.019222
0.890446 0.020390
0.883774 0.021586
0.876932 0.022810
0.869922 0.024062
0.862748 0.025341
0.855412 0.026647
0.847919 0.027979
0.840270 0.029337
0.832471 0.030722
0.824524 0.032132
0.816432 0.033567
0.808200 0.035027
0.799831 0.036512
0.791328 0.038021
0.782696 0.039553
0.773938 0.041108
0.765059 0.042686
0.756062 0.044286
0.746951 0.045906
0.737730 0.047546
0.728403 0.049206
0.718975 0.050882
0.709450 0.052575
0.699831 0.054283
0.690124 0.056004
0.680332 0.057736
0.670460 0.059477
0.660512 0.061225
0.650493 0.062976
0.640406 0.064729
0.630258 0.066480
0.620051 0.068225
0.609792 0.069962
0.599483 0.071687
0.589130 0.073395
0.578738 0.075083
0.568310 0.076745
0.557853 0.078378
0.547369 0.079977
0.536864 0.081536
0.526343 0.083052
0.515811 0.084518
0.505271 0.085930
0.494729 0.087282
0.484189 0.088570
0.473657 0.089788
0.463136 0.090932
0.452631 0.091996
0.442147 0.092977
0.431690 0.093869
0.421262 0.094669
0.410870 0.095372
0.400517 0.095976
0.390208 0.096478
0.379949 0.096874
0.369742 0.097162
0.359594 0.097342
0.349507 0.097411
0.339488 0.097369
0.329540 0.097216
0.319668 0.096952
0.309876 0.096578
0.300169 0.096095
0.290550 0.095506
0.281025 0.094812
0.271597 0.094016
0.262270 0.093123
0.253049 0.092134
0.243938 0.091055
0.234941 0.089890
0.226062 0.088643
0.217304 0.087319
0.208672 0.085923
0.200169 0.084461
0.191800 0.082937
0.183568 0.081356
0.175476 0.079725
0.167529 0.078048
0.159730 0.076329
0.152081 0.074574
0.144588 0.072788
0.137252 0.070973
0.130078 0.069136
0.123068 0.067278
0.116226 0.065404
0.109554 0.063516
0.103056 0.061617
0.096734 0.059709
0.090592 0.057794
0.084632 0.055874
0.078856 0.053949
0.073267 0.052021
0.067868 0.050090
0.062662 0.048156
0.057649 0.046220
0.052834 0.044280
0.048217 0.042338
0.043801 0.040391
0.039588 0.038440
0.035579 0.036484
0.031777 0.034522
0.028183 0.032553
0.024799 0.030577
0.021626 0.028594
0.018665 0.026602
0.015919 0.024601
0.013388 0.022592
0.011073 0.020574
0.008975 0.018546
0.007096 0.016511
0.005436 0.014467
0.003996 0.012415
0.002776 0.010357
0.001777 0.008293
0.001000 0.006224
0.000444 0.004152
0.000111 0.002076
0.000000 0.000000
0.000111 -0.000992
0.000444 -0.001981
0.001000 -0.002967
0.001777 -0.003947
0.002776 -0.004918
0.003996 -0.005880
0.005436 -0.006830
0.007096 -0.007767
0.008975 -0.008689
0.011073 -0.009593
0.013388 -0.010480
0.015919 -0.011347
0.018665 -0.012193
0.021626 -0.013017
0.024799 -0.013817
0.028183 -0.014594
0.031777 -0.015345
0.035579 -0.016071
0.039588 -0.016771
0.043801 -0.017444
0.048217 -0.018090
0.052834 -0.018709
0.057649 -0.019300
0.062662 -0.019865
0.067868 -0.020402
0.073267 -0.020912
0.078856 -0.021395
0.084632 -0.021852
0.090592 -0.022282
0.096734 -0.022688
0.103056 -0.023068
0.109554 -0.023423
0.116226 -0.023755
0.123068 -0.024064
0.130078 -0.024349
0.137252 -0.024613
0.144588 -0.024855
0.152081 -0.025076
0.159730 -0.025277
0.167529 -0.025458
0.175476 -0.025619
0.183568 -0.025762
0.191800 -0.025887
0.200169 -0.025993
0.208672 -0.026083
0.217304 -0.026155
0.226062 -0.026210
0.234941 -0.026248
0.243938 -0.026270
0.253049 -0.026277
0.262270 -0.026267
0.271597 -0.026242
0.281025 -0.026201
0.290550 -0.026145
0.300169 -0.026073
0.309876 -0.025987
0.319668 -0.025886
0.329540 -0.025770
0.339488 -0.025640
0.349507 -0.025495
0.359594 -0.025337
0.369742 -0.025165
0.379949 -0.024980
0.390208 -0.024781
0.400517 -0.024571
0.410870 -0.024348
0.421262 -0.024113
0.431690 -0.023867
0.442147 -0.023611
0.452631 -0.023344
0.463136 -0.023068
0.473657 -0.022783
0.484189 -0.022490
0.494729 -0.022189
0.505271 -0.021881
0.515811 -0.021567
0.526343 -0.021246
0.536864 -0.020921
0.547369 -0.020591
0.557853 -0.020257
0.568310 -0.019919
0.578738 -0.019578
0.589130 -0.019235
0.599483 -0.018890
0.609792 -0.018543
0.620051 -0.018194
0.630258 -0.017844
0.640406 -0.017494
0.650493 -0.017142
0.660512 -0.016790
0.670460 -0.016437
0.680332 -0.016084
0.690124 -0.015730
0.699831 -0.015376
0.709450 -0.015021
0.718975 -0.014665
0.728403 -0.014308
0.737730 -0.013951
0.746951 -0.013592
0.756062 -0.013232
0.765059 -0.012871
0.773938 -0.012509
0.782696 -0.012145
0.791328 -0.011780
0.799831 -0.011413
0.808200 -0.011045
0.816432 -0.010676
0.824524 -0.010306
0.832471 -0.009934
0.840270 -0.009562
0.847919 -0.009190
0.855412 -0.008817
0.862748 -0.008445
0.869922 -0.008074
0.876932 -0.007703
0.883774 -0.007335
0.890446 -0.006969
0.896944 -0.006605
0.903266 -0.006245
0.909408 -0.005890
0.915368 -0.005539
0.921144 -0.005194
0.926733 -0.004854
0.932132 -0.004522
0.937338 -0.004197
0.942351 -0.003881
0.947166 -0.003573
0.951783 -0.003275
0.956199 -0.002987
0.960412 -0.002710
0.964421 -0.002443
0.968223 -0.002189
0.971817 -0.001947
0.975201 -0.001718
0.978374 -0.001501
0.981335 -0.001298
0.984081 -0.001109
0.986612 -0.000935
0.988927 -0.000774
0.991025 -0.000628
0.992904 -0.000497
0.994564 -0.000381
0.996004 -0.000280
0.997224 -0.000195
0.998223 -0.000125
0.999000 -0.000070
0.999556 -0.000031
0.999889 -0.000008
1.000000 0.000000
