NACA 2412 optimized
1.000000 0.000000
0.999889 0.000022
0.999556 0.000087
0.999000 0.000196
0.998223 0.000348
0.997224 0.000544
0.996004 0.000782
0.994564 0.001063
0.992904 0.001386
0.991025 0.001751
0.988927 0.002158
0.986612 0.002605
0.984081 0.003092
0.981335 0.003619
0.978374 0.004185
0.975201 0.004789
0.971817 0.005431
0.968223 0.006109
0.964421 0.006824
0.960412 0.007574
0.956199 0.008359
0.951783 0.009178
0.947166 0.010029
0.942351 0.010913
0.937338 0.011829
0.932132 0.012775
0.926733 0.013751
0.921144 0.014757
0.915368 0.015791
0.909408 0.016853
0.903266 0.017942
0.896944 0.019058
0.890446 0.020200
0.883774 0.021368
0.876932 0.022561
0.869922 0.023779
0.862748 0.025021
0.855412 0.026287
0.847919 0.027576
0.840270 0.028889
0.832471 0.030225
0.824524 0.031584
0.816432 0.032965
0.808200 0.034368
0.799831 0.035794
0.791328 0.037242
0.782696 0.038711
0.773938 0.040201
0.765059 0.041712
0.756062 0.043243
0.746951 0.044795
0.737730 0.046365
0.728403 0.047955
0.718975 0.049562
0.709450 0.051186
0.699831 0.052826
0.690124 0.054480
0.680332 0.056147
0.670460 0.057825
0.660512 0.059513
0.650493 0.061209
0.640406 0.062910
0.630258 0.064613
0.620051 0.066317
0.609792 0.068018
0.599483 0.069713
0.589130 0.071399
0.578738 0.073072
0.568310 0.074728
0.557853 0.076364
0.547369 0.077976
0.536864 0.079559
0.526343 0.081108
0.515811 0.082620
0.505271 0.084089
0.494729 0.085512
0.484189 0.086883
0.473657 0.088197
0.463136 0.089451
0.452631 0.090639
0.442147 0.091757
0.431690 0.092800
0.421262 0.093765
0.410870 0.094647
0.400517 0.095443
0.390208 0.096150
0.379949 0.096763
0.369742 0.097280
0.359594 0.097698
0.349507 0.098016
0.339488 0.098232
0.329540 0.098343
0.319668 0.098350
0.309876 0.098251
0.300169 0.098046
0.290550 0.097735
0.281025 0.097320
0.271597 0.096801
0.262270 0.096179
0.253049 0.095457
0.243938 0.094636
0.234941 0.093720
0.226062 0.092710
0.217304 0.091611
0.208672 0.090424
0.200169 0.089155
0.191800 0.087806
0.183568 0.086382
0.175476 0.084886
0.167529 0.083323
0.159730 0.081697
0.152081 0.080012
0.144588 0.078272
0.137252 0.076481
0.130078 0.074644
0.123068 0.072764
0.116226 0.070845
0.109554 0.068891
0.103056 0.066905
0.096734 0.064891
0.090592 0.062851
0.084632 0.060789
0.078856 0.058707
0.073267 0.056608
0.067868 0.054494
0.062662 0.052367
0.057649 0.050228
0.052834 0.048081
0.048217 0.045925
0.043801 0.043762
0.039588 0.041594
0.035579 0.039421
0.031777 0.037244
0.028183 0.035064
0.024799 0.032881
0.021626 0.030696
0.018665 0.028510
0.015919 0.026321
0.013388 0.024132
0.011073 0.021941
0.008975 0.019749
0.007096 0.017557
0.005436 0.015364
0.003996 0.013170
0.002776 0.010976
0.001777 0.008781
0.001000 0.006586
0.000444 0.004391
0.000111 0.002195
0.000000 0.000000
0.000111 -0.001105
0.000444 -0.002208
0.001000 -0.003305
0.001777 -0.004392
0.002776 -0.005468
0.003996 -0.006530
0.005436 -0.007574
0.007096 -0.008599
0.008975 -0.009602
0.011073 -0.010581
0.013388 -0.011533
0.015919 -0.012457
0.018665 -0.013351
0.021626 -0.014214
0.024799 -0.015044
0.028183 -0.015840
0.031777 -0.016602
0.035579 -0.017328
0.039588 -0.018018
0.043801 -0.018672
0.048217 -0.019290
0.052834 -0.019873
0.057649 -0.020419
0.062662 -0.020930
0.067868 -0.021407
0.073267 -0.021850
0.078856 -0.022259
0.084632 -0.022637
0.090592 -0.022985
0.096734 -0.023302
0.103056 -0.023592
0.109554 -0.023854
0.116226 -0.024091
0.123068 -0.024304
0.130078 -0.024493
0.137252 -0.024661
0.144588 -0.024809
0.152081 -0.024938
0.159730 -0.025050
0.167529 -0.025145
0.175476 -0.025224
0.183568 -0.025290
0.191800 -0.025342
0.200169 -0.025382
0.208672 -0.025411
0.217304 -0.025428
0.226062 -0.025436
0.234941 -0.025434
0.243938 -0.025423
0.253049 -0.025404
0.262270 -0.025376
0.271597 -0.025340
0.281025 -0.025297
0.290550 -0.025246
0.300169 -0.025187
0.309876 -0.025121
0.319668 -0.025048
0.329540 -0.024967
0.339488 -0.024879
0.349507 -0.024783
0.359594 -0.024680
0.369742 -0.024569
0.379949 -0.024450
0.390208 -0.024324
0.400517 -0.024189
0.410870 -0.024047
0.421262 -0.023897
0.431690 -0.023738
0.442147 -0.023572
0.452631 -0.023398
0.463136 -0.023216
0.473657 -0.023026
0.484189 -0.022828
0.494729 -0.022622
0.505271 -0.022408
0.515811 -0.022187
0.526343 -0.021959
0.536864 -0.021722
0.547369 -0.021479
0.557853 -0.021228
0.568310 -0.020970
0.578738 -0.020705
0.589130 -0.020433
0.599483 -0.020155
0.609792 -0.019869
0.620051 -0.019577
0.630258 -0.019278
0.640406 -0.018973
0.650493 -0.018661
0.660512 -0.018342
0.670460 -0.018017
0.680332 -0.017686
0.690124 -0.017348
0.699831 -0.017004
0.709450 -0.016654
0.718975 -0.016298
0.728403 -0.015936
0.737730 -0.015568
0.746951 -0.015194
0.756062 -0.014814
0.765059 -0.014429
0.773938 -0.014039
0.782696 -0.013644
0.791328 -0.013244
0.799831 -0.012840
0.808200 -0.012432
0.816432 -0.012021
0.824524 -0.011606
0.832471 -0.011189
0.840270 -0.010770
0.847919 -0.010350
0.855412 -0.009929
0.862748 -0.009507
0.869922 -0.009086
0.876932 -0.008667
0.883774 -0.008249
0.890446 -0.007834
0.896944 -0.007422
0.903266 -0.007015
0.909408 -0.006612
0.915368 -0.006216
0.921144 -0.005826
0.926733 -0.005443
0.932132 -0.005069
0.937338 -0.004703
0.942351 -0.004347
0.947166 -0.004001
0.951783 -0.003667
0.956199 -0.003343
0.960412 -0.003032
0.964421 -0.002734
0.968223 -0.002449
0.971817 -0.002178
0.975201 -0.001921
0.978374 -0.001679
0.981335 -0.001452
0.984081 -0.001241
0.986612 -0.001045
0.988927 -0.000866
0.991025 -0.000703
0.992904 -0.000556
0.994564 -0.000427
0.996004 -0.000314
0.997224 -0.000218
0.998223 -0.000140
0.999000 -0.000079
0.999556 -0.000035
0.999889 -0.000009
1.000000 0.000000
