NACA 2412 optimized
1.000000 0.000000
0.999889 0.000030
0.999556 0.000120
0.999000 0.000269
0.998223 0.000479
0.997224 0.000747
0.996004 0.001074
0.994564 0.001460
0.992904 0.001904
0.991025 0.002405
0.988927 0.002962
0.986612 0.003576
0.984081 0.004245
0.981335 0.004968
0.978374 0.005744
0.975201 0.006573
0.971817 0.007454
0.968223 0.008385
0.964421 0.009366
0.960412 0.010396
0.956199 0.011472
0.951783 0.012595
0.947166 0.013763
0.942351 0.014974
0.937338 0.016228
0.932132 0.017521
0.926733 0.018854
0.921144 0.020224
0.915368 0.021629
0.909408 0.023067
0.903266 0.024536
0.896944 0.026034
0.890446 0.027558
0.883774 0.029105
0.876932 0.030673
0.869922 0.032258
0.862748 0.033858
0.855412 0.035470
0.847919 0.037089
0.840270 0.038712
0.832471 0.040335
0.824524 0.041956
0.816432 0.043569
0.808200 0.045172
0.799831 0.046760
0.791328 0.048330
0.782696 0.049877
0.773938 0.051399
0.765059 0.052892
0.756062 0.054351
0.746951 0.055776
0.737730 0.057161
0.728403 0.058505
0.718975 0.059805
0.709450 0.061060
0.699831 0.062266
0.690124 0.063424
0.680332 0.064531
0.670460 0.065588
0.660512 0.066593
0.650493 0.067546
0.640406 0.068448
0.630258 0.069300
0.620051 0.070101
0.609792 0.070853
0.599483 0.071558
0.589130 0.072216
0.578738 0.072830
0.568310 0.073401
0.557853 0.073931
0.547369 0.074422
0.536864 0.074875
0.526343 0.075292
0.515811 0.075676
0.505271 0.076027
0.494729 0.076347
0.484189 0.076637
0.473657 0.076898
0.463136 0.077130
0.452631 0.077335
0.442147 0.077511
0.431690 0.077660
0.421262 0.077780
0.410870 0.077871
0.400517 0.077933
0.390208 0.077962
0.379949 0.077959
0.369742 0.077921
0.359594 0.077847
0.349507 0.077734
0.339488 0.077581
0.329540 0.077385
0.319668 0.077145
0.309876 0.076857
0.300169 0.076520
0.290550 0.076132
0.281025 0.075690
0.271597 0.075194
0.262270 0.074642
0.253049 0.074032
0.243938 0.073364
0.234941 0.072636
0.226062 0.071849
0.217304 0.071002
0.208672 0.070095
0.200169 0.069130
0.191800 0.068107
0.183568 0.067026
0.175476 0.065891
0.167529 0.064701
0.159730 0.063460
0.152081 0.062170
0.144588 0.060833
0.137252 0.059452
0.130078 0.058029
0.123068 0.056568
0.116226 0.055071
0.109554 0.053542
0.103056 0.051983
0.096734 0.050398
0.090592 0.048789
0.084632 0.047160
0.078856 0.045512
0.073267 0.043850
0.067868 0.042174
0.062662 0.040488
0.057649 0.038794
0.052834 0.037094
0.048217 0.035390
0.043801 0.033683
0.039588 0.031974
0.035579 0.030265
0.031777 0.028558
0.028183 0.026852
0.024799 0.025148
0.021626 0.023448
0.018665 0.021752
0.015919 0.020059
0.013388 0.018370
0.011073 0.016685
0.008975 0.015003
0.007096 0.013326
0.005436 0.011652
0.003996 0.009981
0.002776 0.008313
0.001777 0.006648
0.001000 0.004984
0.000444 0.003322
0.000111 0.001661
0.000000 0.000000
0.000111 -0.001931
0.000444 -0.003857
0.001000 -0.005773
0.001777 -0.007674
0.002776 -0.009556
0.003996 -0.011414
0.005436 -0.013242
0.007096 -0.015038
0.008975 -0.016796
0.011073 -0.018513
0.013388 -0.020184
0.015919 -0.021806
0.018665 -0.023375
0.021626 -0.024889
0.024799 -0.026345
0.028183 -0.027740
0.031777 -0.029073
0.035579 -0.030340
0.039588 -0.031542
0.043801 -0.032676
0.048217 -0.033742
0.052834 -0.034741
0.057649 -0.035671
0.062662 -0.036533
0.067868 -0.037329
0.073267 -0.038059
0.078856 -0.038725
0.084632 -0.039329
0.090592 -0.039872
0.096734 -0.040358
0.103056 -0.040789
0.109554 -0.041167
0.116226 -0.041497
0.123068 -0.041781
0.130078 -0.042023
0.137252 -0.042226
0.144588 -0.042393
0.152081 -0.042529
0.159730 -0.042636
0.167529 -0.042718
0.175476 -0.042778
0.183568 -0.042819
0.191800 -0.042845
0.200169 -0.042857
0.208672 -0.042858
0.217304 -0.042851
0.226062 -0.042837
0.234941 -0.042818
0.243938 -0.042794
0.253049 -0.042767
0.262270 -0.042738
0.271597 -0.042706
0.281025 -0.042672
0.290550 -0.042634
0.300169 -0.042594
0.309876 -0.042548
0.319668 -0.042497
0.329540 -0.042439
0.339488 -0.042373
0.349507 -0.042296
0.359594 -0.042207
0.369742 -0.042105
0.379949 -0.041986
0.390208 -0.041851
0.400517 -0.041695
0.410870 -0.041519
0.421262 -0.041320
0.431690 -0.041097
0.442147 -0.040849
0.452631 -0.040574
0.463136 -0.040271
0.473657 -0.039940
0.484189 -0.039581
0.494729 -0.039193
0.505271 -0.038776
0.515811 -0.038330
0.526343 -0.037856
0.536864 -0.037355
0.547369 -0.036827
0.557853 -0.036274
0.568310 -0.035697
0.578738 -0.035097
0.589130 -0.034476
0.599483 -0.033836
0.609792 -0.033179
0.620051 -0.032505
0.630258 -0.031818
0.640406 -0.031118
0.650493 -0.030409
0.660512 -0.029690
0.670460 -0.028965
0.680332 -0.028235
0.690124 -0.027502
0.699831 -0.026766
0.709450 -0.026029
0.718975 -0.025293
0.728403 -0.024559
0.737730 -0.023827
0.746951 -0.023098
0.756062 -0.022374
0.765059 -0.021654
0.773938 -0.020939
0.782696 -0.020230
0.791328 -0.019527
0.799831 -0.018831
0.808200 -0.018141
0.816432 -0.017457
0.824524 -0.016781
0.832471 -0.016111
0.840270 -0.015449
0.847919 -0.014793
0.855412 -0.014146
0.862748 -0.013506
0.869922 -0.012874
0.876932 -0.012250
0.883774 -0.011635
0.890446 -0.011028
0.896944 -0.010431
0.903266 -0.009844
0.909408 -0.009268
0.915368 -0.008702
0.921144 -0.008148
0.926733 -0.007607
0.932132 -0.007078
0.937338 -0.006564
0.942351 -0.006064
0.947166 -0.005579
0.951783 -0.005110
0.956199 -0.004658
0.960412 -0.004224
0.964421 -0.003807
0.968223 -0.003410
0.971817 -0.003032
0.975201 -0.002674
0.978374 -0.002337
0.981335 -0.002020
0.984081 -0.001726
0.986612 -0.001454
0.988927 -0.001204
0.991025 -0.000977
0.992904 -0.000773
0.994564 -0.000593
0.996004 -0.000436
0.997224 -0.000303
0.998223 -0.000194
0.999000 -0.000109
0.999556 -0.000049
0.999889 -0.000012
1.000000 0.000000
