NACA 2412 optimized
1.000000 0.000000
0.999889 0.000024
0.999556 0.000096
0.999000 0.000215
0.998223 0.000382
0.997224 0.000597
0.996004 0.000858
0.994564 0.001167
0.992904 0.001521
0.991025 0.001922
0.988927 0.002367
0.986612 0.002858
0.984081 0.003392
0.981335 0.003970
0.978374 0.004591
0.975201 0.005253
0.971817 0.005957
0.968223 0.006702
0.964421 0.007486
0.960412 0.008308
0.956199 0.009169
0.951783 0.010066
0.947166 0.010999
0.942351 0.011968
0.937338 0.012970
0.932132 0.014006
0.926733 0.015074
0.921144 0.016172
0.915368 0.017302
0.909408 0.018460
0.903266 0.019646
0.896944 0.020860
0.890446 0.022100
0.883774 0.023365
0.876932 0.024655
0.869922 0.025967
0.862748 0.027302
0.855412 0.028658
0.847919 0.030035
0.840270 0.031431
0.832471 0.032846
0.824524 0.034279
0.816432 0.035729
0.808200 0.037194
0.799831 0.038676
0.791328 0.040172
0.782696 0.041682
0.773938 0.043206
0.765059 0.044742
0.756062 0.046290
0.746951 0.047850
0.737730 0.049421
0.728403 0.051002
0.718975 0.052593
0.709450 0.054193
0.699831 0.055801
0.690124 0.057417
0.680332 0.059039
0.670460 0.060668
0.660512 0.062301
0.650493 0.063939
0.640406 0.065579
0.630258 0.067220
0.620051 0.068861
0.609792 0.070500
0.599483 0.072134
0.589130 0.073763
0.578738 0.075383
0.568310 0.076992
0.557853 0.078587
0.547369 0.080165
0.536864 0.081723
0.526343 0.083257
0.515811 0.084764
0.505271 0.086239
0.494729 0.087678
0.484189 0.089077
0.473657 0.090432
0.463136 0.091738
0.452631 0.092990
0.442147 0.094184
0.431690 0.095315
0.421262 0.096377
0.410870 0.097367
0.400517 0.098279
0.390208 0.099110
0.379949 0.099855
0.369742 0.100509
0.359594 0.101069
0.349507 0.101532
0.339488 0.101893
0.329540 0.102151
0.319668 0.102303
0.309876 0.102347
0.300169 0.102281
0.290550 0.102104
0.281025 0.101815
0.271597 0.101414
0.262270 0.100902
0.253049 0.100279
0.243938 0.099546
0.234941 0.098706
0.226062 0.097760
0.217304 0.096711
0.208672 0.095562
0.200169 0.094316
0.191800 0.092978
0.183568 0.091549
0.175476 0.090036
0.167529 0.088442
0.159730 0.086772
0.152081 0.085031
0.144588 0.083223
0.137252 0.081353
0.130078 0.079426
0.123068 0.077446
0.116226 0.075419
0.109554 0.073348
0.103056 0.071238
0.096734 0.069094
0.090592 0.066919
0.084632 0.064716
0.078856 0.062491
0.073267 0.060244
0.067868 0.057981
0.062662 0.055703
0.057649 0.053412
0.052834 0.051112
0.048217 0.048804
0.043801 0.046490
0.039588 0.044170
0.035579 0.041847
0.031777 0.039522
0.028183 0.037195
0.024799 0.034867
0.021626 0.032539
0.018665 0.030210
0.015919 0.027883
0.013388 0.025555
0.011073 0.023229
0.008975 0.020903
0.007096 0.018578
0.005436 0.016254
0.003996 0.013930
0.002776 0.011608
0.001777 0.009285
0.001000 0.006964
0.000444 0.004642
0.000111 0.002321
0.000000 0.000000
0.000111 -0.001189
0.000444 -0.002374
0.001000 -0.003553
0.001777 -0.004721
0.002776 -0.005875
0.003996 -0.007012
0.005436 -0.008128
0.007096 -0.009221
0.008975 -0.010288
0.011073 -0.011325
0.013388 -0.012331
0.015919 -0.013302
0.018665 -0.014237
0.021626 -0.015134
0.024799 -0.015991
0.028183 -0.016806
0.031777 -0.017578
0.035579 -0.018306
0.039588 -0.018990
0.043801 -0.019629
0.048217 -0.020223
0.052834 -0.020772
0.057649 -0.021276
0.062662 -0.021737
0.067868 -0.022153
0.073267 -0.022528
0.078856 -0.022862
0.084632 -0.023156
0.090592 -0.023413
0.096734 -0.023634
0.103056 -0.023821
0.109554 -0.023976
0.116226 -0.024101
0.123068 -0.024199
0.130078 -0.024272
0.137252 -0.024322
0.144588 -0.024351
0.152081 -0.024362
0.159730 -0.024357
0.167529 -0.024338
0.175476 -0.024307
0.183568 -0.024265
0.191800 -0.024215
0.200169 -0.024158
0.208672 -0.024095
0.217304 -0.024028
0.226062 -0.023958
0.234941 -0.023885
0.243938 -0.023810
0.253049 -0.023734
0.262270 -0.023656
0.271597 -0.023578
0.281025 -0.023497
0.290550 -0.023416
0.300169 -0.023332
0.309876 -0.023246
0.319668 -0.023157
0.329540 -0.023064
0.339488 -0.022967
0.349507 -0.022864
0.359594 -0.022755
0.369742 -0.022640
0.379949 -0.022516
0.390208 -0.022384
0.400517 -0.022243
0.410870 -0.022093
0.421262 -0.021932
0.431690 -0.021760
0.442147 -0.021578
0.452631 -0.021384
0.463136 -0.021179
0.473657 -0.020963
0.484189 -0.020736
0.494729 -0.020499
0.505271 -0.020251
0.515811 -0.019994
0.526343 -0.019727
0.536864 -0.019452
0.547369 -0.019169
0.557853 -0.018879
0.568310 -0.018583
0.578738 -0.018282
0.589130 -0.017976
0.599483 -0.017667
0.609792 -0.017355
0.620051 -0.017040
0.630258 -0.016724
0.640406 -0.016408
0.650493 -0.016091
0.660512 -0.015774
0.670460 -0.015457
0.680332 -0.015142
0.690124 -0.014827
0.699831 -0.014513
0.709450 -0.014201
0.718975 -0.013889
0.728403 -0.013578
0.737730 -0.013267
0.746951 -0.012957
0.756062 -0.012646
0.765059 -0.012335
0.773938 -0.012023
0.782696 -0.011710
0.791328 -0.011395
0.799831 -0.011078
0.808200 -0.010759
0.816432 -0.010437
0.824524 -0.010113
0.832471 -0.009785
0.840270 -0.009454
0.847919 -0.009121
0.855412 -0.008784
0.862748 -0.008445
0.869922 -0.008103
0.876932 -0.007759
0.883774 -0.007414
0.890446 -0.007068
0.896944 -0.006721
0.903266 -0.006375
0.909408 -0.006029
0.915368 -0.005686
0.921144 -0.005345
0.926733 -0.005008
0.932132 -0.004676
0.937338 -0.004349
0.942351 -0.004028
0.947166 -0.003715
0.951783 -0.003410
0.956199 -0.003114
0.960412 -0.002828
0.964421 -0.002553
0.968223 -0.002289
0.971817 -0.002037
0.975201 -0.001798
0.978374 -0.001572
0.981335 -0.001360
0.984081 -0.001162
0.986612 -0.000979
0.988927 -0.000811
0.991025 -0.000658
0.992904 -0.000521
0.994564 -0.000399
0.996004 -0.000294
0.997224 -0.000204
0.998223 -0.000131
0.999000 -0.000074
0.999556 -0.000033
0.999889 -0.000008
1.000000 0.000000
