NACA 2412 optimized
1.000000 0.000000
0.999889 0.000029
0.999556 0.000114
0.999000 0.000257
0.998223 0.000455
0.997224 0.000708
0.996004 0.001014
0.994564 0.001373
0.992904 0.001781
0.991025 0.002238
0.988927 0.002741
0.986612 0.003287
0.984081 0.003875
0.981335 0.004503
0.978374 0.005167
0.975201 0.005866
0.971817 0.006598
0.968223 0.007361
0.964421 0.008153
0.960412 0.008972
0.956199 0.009817
0.951783 0.010687
0.947166 0.011581
0.942351 0.012498
0.937338 0.013439
0.932132 0.014403
0.926733 0.015391
0.921144 0.016402
0.915368 0.017438
0.909408 0.018500
0.903266 0.019589
0.896944 0.020705
0.890446 0.021852
0.883774 0.023029
0.876932 0.024239
0.869922 0.025482
0.862748 0.026762
0.855412 0.028078
0.847919 0.029432
0.840270 0.030826
0.832471 0.032260
0.824524 0.033734
0.816432 0.035250
0.808200 0.036807
0.799831 0.038405
0.791328 0.040044
0.782696 0.041722
0.773938 0.043439
0.765059 0.045192
0.756062 0.046980
0.746951 0.048800
0.737730 0.050650
0.728403 0.052526
0.718975 0.054426
0.709450 0.056345
0.699831 0.058280
0.690124 0.060226
0.680332 0.062179
0.670460 0.064135
0.660512 0.066088
0.650493 0.068035
0.640406 0.069968
0.630258 0.071885
0.620051 0.073779
0.609792 0.075645
0.599483 0.077478
0.589130 0.079273
0.578738 0.081025
0.568310 0.082729
0.557853 0.084379
0.547369 0.085972
0.536864 0.087501
0.526343 0.088964
0.515811 0.090355
0.505271 0.091670
0.494729 0.092906
0.484189 0.094058
0.473657 0.095123
0.463136 0.096098
0.452631 0.096980
0.442147 0.097766
0.431690 0.098454
0.421262 0.099041
0.410870 0.099526
0.400517 0.099907
0.390208 0.100184
0.379949 0.100354
0.369742 0.100419
0.359594 0.100377
0.349507 0.100229
0.339488 0.099975
0.329540 0.099616
0.319668 0.099154
0.309876 0.098591
0.300169 0.097927
0.290550 0.097167
0.281025 0.096311
0.271597 0.095364
0.262270 0.094328
0.253049 0.093207
0.243938 0.092004
0.234941 0.090725
0.226062 0.089372
0.217304 0.087951
0.208672 0.086465
0.200169 0.084919
0.191800 0.083318
0.183568 0.081666
0.175476 0.079968
0.167529 0.078229
0.159730 0.076452
0.152081 0.074642
0.144588 0.072803
0.137252 0.070939
0.130078 0.069054
0.123068 0.067150
0.116226 0.065231
0.109554 0.063301
0.103056 0.061360
0.096734 0.059413
0.090592 0.057460
0.084632 0.055503
0.078856 0.053543
0.073267 0.051582
0.067868 0.049621
0.062662 0.047659
0.057649 0.045697
0.052834 0.043736
0.048217 0.041774
0.043801 0.039813
0.039588 0.037851
0.035579 0.035888
0.031777 0.033924
0.028183 0.031957
0.024799 0.029989
0.021626 0.028017
0.018665 0.026041
0.015919 0.024062
0.013388 0.022078
0.011073 0.020090
0.008975 0.018098
0.007096 0.016101
0.005436 0.014099
0.003996 0.012094
0.002776 0.010085
0.001777 0.008072
0.001000 0.006056
0.000444 0.004039
0.000111 0.002020
0.000000 0.000000
0.000111 -0.000851
0.000444 -0.001703
0.001000 -0.002557
0.001777 -0.003414
0.002776 -0.004274
0.003996 -0.005139
0.005436 -0.006009
0.007096 -0.006884
0.008975 -0.007764
0.011073 -0.008648
0.013388 -0.009537
0.015919 -0.010430
0.018665 -0.011325
0.021626 -0.012221
0.024799 -0.013117
0.028183 -0.014010
0.031777 -0.014899
0.035579 -0.015781
0.039588 -0.016653
0.043801 -0.017512
0.048217 -0.018356
0.052834 -0.019182
0.057649 -0.019985
0.062662 -0.020763
0.067868 -0.021513
0.073267 -0.022230
0.078856 -0.022913
0.084632 -0.023557
0.090592 -0.024160
0.096734 -0.024718
0.103056 -0.025230
0.109554 -0.025693
0.116226 -0.026104
0.123068 -0.026463
0.130078 -0.026767
0.137252 -0.027015
0.144588 -0.027206
0.152081 -0.027341
0.159730 -0.027418
0.167529 -0.027439
0.175476 -0.027403
0.183568 -0.027313
0.191800 -0.027168
0.200169 -0.026971
0.208672 -0.026724
0.217304 -0.026429
0.226062 -0.026088
0.234941 -0.025704
0.243938 -0.025280
0.253049 -0.024819
0.262270 -0.024324
0.271597 -0.023799
0.281025 -0.023246
0.290550 -0.022669
0.300169 -0.022071
0.309876 -0.021456
0.319668 -0.020827
0.329540 -0.020188
0.339488 -0.019541
0.349507 -0.018889
0.359594 -0.018235
0.369742 -0.017582
0.379949 -0.016933
0.390208 -0.016289
0.400517 -0.015654
0.410870 -0.015029
0.421262 -0.014415
0.431690 -0.013815
0.442147 -0.013230
0.452631 -0.012661
0.463136 -0.012110
0.473657 -0.011577
0.484189 -0.011062
0.494729 -0.010568
0.505271 -0.010094
0.515811 -0.009640
0.526343 -0.009207
0.536864 -0.008795
0.547369 -0.008403
0.557853 -0.008033
0.568310 -0.007683
0.578738 -0.007354
0.589130 -0.007044
0.599483 -0.006755
0.609792 -0.006484
0.620051 -0.006233
0.630258 -0.005999
0.640406 -0.005784
0.650493 -0.005585
0.660512 -0.005403
0.670460 -0.005236
0.680332 -0.005085
0.690124 -0.004947
0.699831 -0.004823
0.709450 -0.004712
0.718975 -0.004612
0.728403 -0.004523
0.737730 -0.004443
0.746951 -0.004373
0.756062 -0.004310
0.765059 -0.004254
0.773938 -0.004204
0.782696 -0.004159
0.791328 -0.004118
0.799831 -0.004079
0.808200 -0.004042
0.816432 -0.004006
0.824524 -0.003969
0.832471 -0.003931
0.840270 -0.003891
0.847919 -0.003849
0.855412 -0.003802
0.862748 -0.003751
0.869922 -0.003694
0.876932 -0.003632
0.883774 -0.003564
0.890446 -0.003489
0.896944 -0.003407
0.903266 -0.003318
0.909408 -0.003222
0.915368 -0.003119
0.921144 -0.003008
0.926733 -0.002891
0.932132 -0.002767
0.937338 -0.002637
0.942351 -0.002502
0.947166 -0.002362
0.951783 -0.002218
0.956199 -0.002071
0.960412 -0.001921
0.964421 -0.001770
0.968223 -0.001619
0.971817 -0.001468
0.975201 -0.001320
0.978374 -0.001174
0.981335 -0.001032
0.984081 -0.000896
0.986612 -0.000765
0.988927 -0.000642
0.991025 -0.000527
0.992904 -0.000422
0.994564 -0.000327
0.996004 -0.000242
0.997224 -0.000170
0.998223 -0.000109
0.999000 -0.000062
0.999556 -0.000028
0.999889 -0.000007
1.000000 0.000000
