NACA 2412 optimized
1.000000 0.000000
0.999889 0.000027
0.999556 0.000107
0.999000 0.000240
0.998223 0.000426
0.997224 0.000664
0.996004 0.000955
0.994564 0.001297
0.992904 0.001691
0.991025 0.002135
0.988927 0.002628
0.986612 0.003170
0.984081 0.003760
0.981335 0.004396
0.978374 0.005079
0.975201 0.005805
0.971817 0.006575
0.968223 0.007386
0.964421 0.008237
0.960412 0.009128
0.956199 0.010055
0.951783 0.011018
0.947166 0.012015
0.942351 0.013044
0.937338 0.014104
0.932132 0.015192
0.926733 0.016308
0.921144 0.017448
0.915368 0.018612
0.909408 0.019797
0.903266 0.021002
0.896944 0.022226
0.890446 0.023466
0.883774 0.024721
0.876932 0.025989
0.869922 0.027269
0.862748 0.028560
0.855412 0.029861
0.847919 0.031170
0.840270 0.032486
0.832471 0.033809
0.824524 0.035138
0.816432 0.036471
0.808200 0.037810
0.799831 0.039153
0.791328 0.040501
0.782696 0.041853
0.773938 0.043209
0.765059 0.044569
0.756062 0.045935
0.746951 0.047306
0.737730 0.048682
0.728403 0.050065
0.718975 0.051454
0.709450 0.052850
0.699831 0.054254
0.690124 0.055665
0.680332 0.057086
0.670460 0.058514
0.660512 0.059952
0.650493 0.061398
0.640406 0.062853
0.630258 0.064316
0.620051 0.065786
0.609792 0.067263
0.599483 0.068745
0.589130 0.070230
0.578738 0.071718
0.568310 0.073204
0.557853 0.074689
0.547369 0.076167
0.536864 0.077637
0.526343 0.079094
0.515811 0.080535
0.505271 0.081955
0.494729 0.083351
0.484189 0.084718
0.473657 0.086050
0.463136 0.087343
0.452631 0.088591
0.442147 0.089789
0.431690 0.090932
0.421262 0.092014
0.410870 0.093029
0.400517 0.093973
0.390208 0.094839
0.379949 0.095624
0.369742 0.096321
0.359594 0.096927
0.349507 0.097437
0.339488 0.097846
0.329540 0.098152
0.319668 0.098352
0.309876 0.098442
0.300169 0.098420
0.290550 0.098285
0.281025 0.098035
0.271597 0.097670
0.262270 0.097190
0.253049 0.096595
0.243938 0.095887
0.234941 0.095066
0.226062 0.094135
0.217304 0.093096
0.208672 0.091953
0.200169 0.090709
0.191800 0.089367
0.183568 0.087933
0.175476 0.086409
0.167529 0.084802
0.159730 0.083117
0.152081 0.081357
0.144588 0.079529
0.137252 0.077639
0.130078 0.075691
0.123068 0.073691
0.116226 0.071645
0.109554 0.069557
0.103056 0.067434
0.096734 0.065279
0.090592 0.063098
0.084632 0.060895
0.078856 0.058675
0.073267 0.056442
0.067868 0.054199
0.062662 0.051950
0.057649 0.049697
0.052834 0.047445
0.048217 0.045194
0.043801 0.042949
0.039588 0.040709
0.035579 0.038478
0.031777 0.036255
0.028183 0.034043
0.024799 0.031841
0.021626 0.029651
0.018665 0.027473
0.015919 0.025306
0.013388 0.023151
0.011073 0.021006
0.008975 0.018873
0.007096 0.016749
0.005436 0.014634
0.003996 0.012527
0.002776 0.010428
0.001777 0.008335
0.001000 0.006247
0.000444 0.004162
0.000111 0.002081
0.000000 0.000000
0.000111 -0.000880
0.000444 -0.001760
0.001000 -0.002638
0.001777 -0.003513
0.002776 -0.004384
0.003996 -0.005251
0.005436 -0.006113
0.007096 -0.006968
0.008975 -0.007816
0.011073 -0.008655
0.013388 -0.009485
0.015919 -0.010305
0.018665 -0.011112
0.021626 -0.011908
0.024799 -0.012689
0.028183 -0.013456
0.031777 -0.014207
0.035579 -0.014941
0.039588 -0.015658
0.043801 -0.016356
0.048217 -0.017034
0.052834 -0.017692
0.057649 -0.018329
0.062662 -0.018944
0.067868 -0.019537
0.073267 -0.020107
0.078856 -0.020655
0.084632 -0.021179
0.090592 -0.021680
0.096734 -0.022158
0.103056 -0.022613
0.109554 -0.023046
0.116226 -0.023456
0.123068 -0.023844
0.130078 -0.024211
0.137252 -0.024557
0.144588 -0.024884
0.152081 -0.025191
0.159730 -0.025481
0.167529 -0.025753
0.175476 -0.026009
0.183568 -0.026249
0.191800 -0.026475
0.200169 -0.026687
0.208672 -0.026886
0.217304 -0.027074
0.226062 -0.027250
0.234941 -0.027415
0.243938 -0.027570
0.253049 -0.027716
0.262270 -0.027852
0.271597 -0.027979
0.281025 -0.028097
0.290550 -0.028207
0.300169 -0.028308
0.309876 -0.028400
0.319668 -0.028483
0.329540 -0.028557
0.339488 -0.028621
0.349507 -0.028675
0.359594 -0.028719
0.369742 -0.028752
0.379949 -0.028773
0.390208 -0.028783
0.400517 -0.028780
0.410870 -0.028765
0.421262 -0.028736
0.431690 -0.028694
0.442147 -0.028637
0.452631 -0.028566
0.463136 -0.028481
0.473657 -0.028380
0.484189 -0.028265
0.494729 -0.028135
0.505271 -0.027989
0.515811 -0.027829
0.526343 -0.027653
0.536864 -0.027463
0.547369 -0.027258
0.557853 -0.027038
0.568310 -0.026805
0.578738 -0.026557
0.589130 -0.026297
0.599483 -0.026022
0.609792 -0.025735
0.620051 -0.025435
0.630258 -0.025123
0.640406 -0.024799
0.650493 -0.024463
0.660512 -0.024116
0.670460 -0.023757
0.680332 -0.023387
0.690124 -0.023006
0.699831 -0.022614
0.709450 -0.022211
0.718975 -0.021797
0.728403 -0.021373
0.737730 -0.020938
0.746951 -0.020493
0.756062 -0.020037
0.765059 -0.019571
0.773938 -0.019095
0.782696 -0.018609
0.791328 -0.018113
0.799831 -0.017608
0.808200 -0.017094
0.816432 -0.016572
0.824524 -0.016041
0.832471 -0.015503
0.840270 -0.014958
0.847919 -0.014408
0.855412 -0.013852
0.862748 -0.013292
0.869922 -0.012729
0.876932 -0.012164
0.883774 -0.011598
0.890446 -0.011032
0.896944 -0.010468
0.903266 -0.009906
0.909408 -0.009349
0.915368 -0.008797
0.921144 -0.008253
0.926733 -0.007717
0.932132 -0.007190
0.937338 -0.006674
0.942351 -0.006171
0.947166 -0.005681
0.951783 -0.005206
0.956199 -0.004747
0.960412 -0.004304
0.964421 -0.003880
0.968223 -0.003474
0.971817 -0.003088
0.975201 -0.002723
0.978374 -0.002379
0.981335 -0.002056
0.984081 -0.001756
0.986612 -0.001478
0.988927 -0.001223
0.991025 -0.000992
0.992904 -0.000785
0.994564 -0.000602
0.996004 -0.000442
0.997224 -0.000307
0.998223 -0.000197
0.999000 -0.000111
0.999556 -0.000049
0.999889 -0.000012
1.000000 0.000000
