CLARK Y AIRFOIL optimized
1.000000 0.000599
0.999889 0.000625
0.999556 0.000704
0.999000 0.000835
0.998223 0.001019
0.997224 0.001256
0.996004 0.001546
0.994564 0.001890
0.992904 0.002289
0.991025 0.002742
0.988927 0.003250
0.986612 0.003814
0.984081 0.004434
0.981335 0.005110
0.978374 0.005842
0.975201 0.006631
0.971817 0.007477
0.968223 0.008379
0.964421 0.009337
0.960412 0.010351
0.956199 0.011421
0.951783 0.012544
0.947166 0.013722
0.942351 0.014953
0.937338 0.016235
0.932132 0.017568
0.926733 0.018950
0.921144 0.020380
0.915368 0.021857
0.909408 0.023379
0.903266 0.024944
0.896944 0.026552
0.890446 0.028200
0.883774 0.029888
0.876932 0.031613
0.869922 0.033375
0.862748 0.035171
0.855412 0.037001
0.847919 0.038864
0.840270 0.040758
0.832471 0.042681
0.824524 0.044633
0.816432 0.046611
0.808200 0.048615
0.799831 0.050643
0.791328 0.052693
0.782696 0.054763
0.773938 0.056852
0.765059 0.058956
0.756062 0.061074
0.746951 0.063202
0.737730 0.065337
0.728403 0.067477
0.718975 0.069616
0.709450 0.071751
0.699831 0.073877
0.690124 0.075990
0.680332 0.078084
0.670460 0.080154
0.660512 0.082195
0.650493 0.084199
0.640406 0.086161
0.630258 0.088075
0.620051 0.089935
0.609792 0.091734
0.599483 0.093466
0.589130 0.095124
0.578738 0.096703
0.568310 0.098197
0.557853 0.099602
0.547369 0.100911
0.536864 0.102120
0.526343 0.103226
0.515811 0.104224
0.505271 0.105114
0.494729 0.105891
0.484189 0.106555
0.473657 0.107105
0.463136 0.107541
0.452631 0.107863
0.442147 0.108072
0.431690 0.108171
0.421262 0.108162
0.410870 0.108048
0.400517 0.107831
0.390208 0.107517
0.379949 0.107108
0.369742 0.106610
0.359594 0.106027
0.349507 0.105363
0.339488 0.104623
0.329540 0.103812
0.319668 0.102935
0.309876 0.101994
0.300169 0.100995
0.290550 0.099941
0.281025 0.098836
0.271597 0.097682
0.262270 0.096481
0.253049 0.095237
0.243938 0.093950
0.234941 0.092621
0.226062 0.091252
0.217304 0.089843
0.208672 0.088394
0.200169 0.086905
0.191800 0.085376
0.183568 0.083805
0.175476 0.082193
0.167529 0.080538
0.159730 0.078840
0.152081 0.077099
0.144588 0.075314
0.137252 0.073486
0.130078 0.071614
0.123068 0.069699
0.116226 0.067742
0.109554 0.065744
0.103056 0.063708
0.096734 0.061636
0.090592 0.059529
0.084632 0.057392
0.078856 0.055229
0.073267 0.053042
0.067868 0.050836
0.062662 0.048616
0.057649 0.046386
0.052834 0.044151
0.048217 0.041916
0.043801 0.039685
0.039588 0.037464
0.035579 0.035256
0.031777 0.033066
0.028183 0.030897
0.024799 0.028753
0.021626 0.026637
0.018665 0.024550
0.015919 0.022494
0.013388 0.020471
0.011073 0.018480
0.008975 0.016522
0.007096 0.014595
0.005436 0.012698
0.003996 0.010828
0.002776 0.008983
0.001777 0.007159
0.001000 0.005353
0.000444 0.003561
0.000111 0.001778
0.000000 0.000000
0.000111 -0.000853
0.000444 -0.001699
0.001000 -0.002531
0.001777 -0.003342
0.002776 -0.004126
0.003996 -0.004878
0.005436 -0.005591
0.007096 -0.006260
0.008975 -0.006881
0.011073 -0.007451
0.013388 -0.007966
0.015919 -0.008425
0.018665 -0.008826
0.021626 -0.009168
0.024799 -0.009451
0.028183 -0.009678
0.031777 -0.009848
0.035579 -0.009965
0.039588 -0.010032
0.043801 -0.010052
0.048217 -0.010029
0.052834 -0.009968
0.057649 -0.009874
0.062662 -0.009751
0.067868 -0.009605
0.073267 -0.009440
0.078856 -0.009263
0.084632 -0.009078
0.090592 -0.008890
0.096734 -0.008704
0.103056 -0.008524
0.109554 -0.008354
0.116226 -0.008198
0.123068 -0.008058
0.130078 -0.007937
0.137252 -0.007837
0.144588 -0.007761
0.152081 -0.007707
0.159730 -0.007678
0.167529 -0.007673
0.175476 -0.007691
0.183568 -0.007732
0.191800 -0.007794
0.200169 -0.007876
0.208672 -0.007976
0.217304 -0.008091
0.226062 -0.008219
0.234941 -0.008358
0.243938 -0.008504
0.253049 -0.008656
0.262270 -0.008811
0.271597 -0.008966
0.281025 -0.009118
0.290550 -0.009266
0.300169 -0.009406
0.309876 -0.009538
0.319668 -0.009658
0.329540 -0.009766
0.339488 -0.009860
0.349507 -0.009939
0.359594 -0.010002
0.369742 -0.010047
0.379949 -0.010075
0.390208 -0.010084
0.400517 -0.010074
0.410870 -0.010046
0.421262 -0.009998
0.431690 -0.009932
0.442147 -0.009846
0.452631 -0.009741
0.463136 -0.009617
0.473657 -0.009474
0.484189 -0.009313
0.494729 -0.009133
0.505271 -0.008935
0.515811 -0.008719
0.526343 -0.008485
0.536864 -0.008234
0.547369 -0.007966
0.557853 -0.007682
0.568310 -0.007381
0.578738 -0.007064
0.589130 -0.006733
0.599483 -0.006387
0.609792 -0.006027
0.620051 -0.005656
0.630258 -0.005273
0.640406 -0.004880
0.650493 -0.004478
0.660512 -0.004070
0.670460 -0.003657
0.680332 -0.003240
0.690124 -0.002822
0.699831 -0.002405
0.709450 -0.001991
0.718975 -0.001583
0.728403 -0.001183
0.737730 -0.000792
0.746951 -0.000415
0.756062 -0.000052
0.765059 0.000294
0.773938 0.000620
0.782696 0.000926
0.791328 0.001208
0.799831 0.001466
0.808200 0.001698
0.816432 0.001904
0.824524 0.002081
0.832471 0.002231
0.840270 0.002352
0.847919 0.002446
0.855412 0.002511
0.862748 0.002549
0.869922 0.002561
0.876932 0.002549
0.883774 0.002513
0.890446 0.002455
0.896944 0.002377
0.903266 0.002282
0.909408 0.002171
0.915368 0.002047
0.921144 0.001912
0.926733 0.001768
0.932132 0.001617
0.937338 0.001463
0.942351 0.001306
0.947166 0.001148
0.951783 0.000993
0.956199 0.000840
0.960412 0.000692
0.964421 0.000551
0.968223 0.000416
0.971817 0.000289
0.975201 0.000170
0.978374 0.000061
0.981335 -0.000040
0.984081 -0.000131
0.986612 -0.000213
0.988927 -0.000286
0.991025 -0.000350
0.992904 -0.000406
0.994564 -0.000453
0.996004 -0.000494
0.997224 -0.000527
0.998223 -0.000553
0.999000 -0.000574
0.999556 -0.000588
0.999889 -0.000596
1.000000 -0.000599
